DATE|DAY|1 am|2 am|3 am|4 am|5 am|6 am|7 am|8 am|9 am|10 am|11 am|Noon|1 pm|2 pm|3 pm|4 pm|5 pm|6 pm|7 pm|8 pm|9 pm|10 pm|11 pm|12 mid|TOTAL|Station number|Estimated|Direction
Jan 1, 2005|Saturday|19|31|8|5|1|4|5|5|18|27|27|33|18|20|27|15|19|16|15|11|16|7|9|6|362|179|False|North
Jan 2, 2005|Sunday|3|2|4|1|1|6|7|5|15|30|36|52|45|63|39|56|81|60|66|47|19|29|8|6|681|179|False|North
Jan 3, 2005|Monday|3|2|2|6|10|24|70|112|63|50|62|63|61|55|50|48|57|58|47|27|16|16|10|8|920|179|False|North
Jan 4, 2005|Tuesday|6|4|4|5|15|25|63|87|57|73|63|44|62|61|64|56|61|52|34|19|8|15|11|3|892|179|False|North
Jan 5, 2005|Wednesday|3|2|4|4|10|22|71|85|49|46|45|38|49|55|41|60|50|40|22|23|18|11|7|7|762|179|False|North
Jan 6, 2005|Thursday|2|7|3|4|11|25|67|90|59|60|64|61|66|65|62|76|69|69|48|25|32|19|14|6|1004|179|False|North
Jan 7, 2005|Friday|3|5|6|5|10|22|48|91|60|74|66|64|48|68|67|76|71|82|42|35|44|30|20|17|1054|179|False|North
Jan 8, 2005|Saturday|7|5|5|6|5|8|21|23|48|66|81|67|57|58|67|58|67|70|72|44|44|30|26|18|953|179|False|North
Jan 9, 2005|Sunday|5|12|4|1|3|3|10|16|23|31|62|67|39|48|55|47|52|41|37|44|23|20|10|7|660|179|False|North
Jan 10, 2005|Monday|6|0|5|7|11|32|55|92|72|67|60|57|57|63|66|49|60|64|37|24|25|24|9|7|949|179|False|North
Jan 11, 2005|Tuesday|2|4|4|2|12|23|68|97|70|74|50|59|70|52|42|69|73|58|44|25|24|23|11|8|964|179|False|North
Jan 12, 2005|Wednesday|6|2|5|3|14|26|64|78|60|45|56|47|45|52|53|62|40|57|41|25|30|17|12|11|851|179|False|North
Jan 13, 2005|Thursday|2|2|2|4|15|30|62|77|56|40|56|43|56|62|53|57|51|68|50|20|30|58|49|22|965|179|False|North
Jan 14, 2005|Friday|9|10|10|14|19|29|69|95|67|63|54|56|55|66|62|68|67|56|49|35|32|26|21|14|1046|179|True|North
Jan 15, 2005|Saturday|12|6|5|3|6|9|18|33|42|42|46|54|61|54|49|31|44|42|53|26|24|26|25|16|727|179|False|North
Jan 16, 2005|Sunday|5|17|8|1|5|3|10|9|23|26|32|43|46|59|39|52|48|56|60|47|37|29|12|11|678|179|False|North
Jan 17, 2005|Monday|5|4|3|9|8|24|58|80|46|53|56|48|65|60|62|74|52|54|49|26|31|39|12|7|925|179|False|North
Jan 18, 2005|Tuesday|2|3|3|5|15|26|70|91|80|50|48|58|56|76|60|74|72|66|40|24|16|21|38|4|998|179|False|North
Jan 19, 2005|Wednesday|6|6|2|3|11|40|65|95|64|57|54|53|65|56|50|54|60|58|43|31|28|23|20|3|947|179|False|North
Jan 20, 2005|Thursday|7|2|4|1|10|29|51|86|71|82|47|54|56|62|58|56|63|69|54|29|25|30|18|14|978|179|False|North
Jan 21, 2005|Friday|4|4|11|3|13|22|62|78|55|61|48|43|55|41|42|26|40|32|24|13|12|7|4|0|700|179|False|North
Jan 22, 2005|Saturday|4|0|0|0|3|3|4|15|7|26|22|41|43|40|38|29|38|32|32|31|37|13|14|13|485|179|False|North
Jan 23, 2005|Sunday|9|11|7|2|3|3|6|11|26|29|58|55|35|45|45|71|54|53|59|64|36|21|16|6|725|179|False|North
Jan 24, 2005|Monday|3|2|3|5|10|30|75|112|70|61|57|44|58|51|64|63|73|36|49|26|27|20|18|3|960|179|False|North
Jan 25, 2005|Tuesday|3|2|3|6|15|32|81|89|79|65|51|55|63|58|68|78|66|49|40|40|27|24|15|5|1014|179|False|North
Jan 26, 2005|Wednesday|8|1|1|4|11|30|78|99|83|52|47|50|51|55|59|56|52|66|38|25|19|18|9|7|919|179|False|North
Jan 27, 2005|Thursday|7|5|2|4|16|31|68|91|79|81|46|46|59|56|53|60|86|61|51|26|25|25|15|5|998|179|False|North
Jan 28, 2005|Friday|6|4|7|5|14|26|64|77|66|64|38|63|64|61|63|65|59|85|50|34|34|27|21|12|1009|179|False|North
Jan 29, 2005|Saturday|0|7|7|4|10|6|22|31|40|57|53|61|50|66|59|53|42|41|61|30|59|31|37|18|845|179|False|North
Jan 30, 2005|Sunday|10|7|4|3|4|4|5|12|28|31|47|60|69|60|60|68|61|54|54|43|26|24|12|10|756|179|False|North
Jan 31, 2005|Monday|4|3|6|5|18|29|70|95|72|68|52|44|59|65|43|62|52|46|34|22|23|15|9|4|900|179|False|North
Jan 1, 2005|Saturday|15|8|14|4|2|2|2|16|15|25|28|41|49|45|27|20|20|15|22|12|11|1|4|3|401|179|False|South
Jan 2, 2005|Sunday|3|3|1|2|1|2|4|20|16|22|51|50|55|49|63|72|59|56|42|39|17|15|12|5|659|179|False|South
Jan 3, 2005|Monday|2|2|1|1|9|6|22|50|57|59|40|45|43|60|62|105|87|103|61|37|22|13|17|7|911|179|False|South
Jan 4, 2005|Tuesday|5|3|2|4|7|5|26|54|61|54|42|55|64|52|56|66|90|92|50|24|16|10|10|7|855|179|False|South
Jan 5, 2005|Wednesday|1|3|3|4|4|8|13|52|40|46|47|40|46|51|55|54|89|85|41|26|27|19|11|8|773|179|False|South
Jan 6, 2005|Thursday|2|2|0|6|5|14|19|51|43|46|52|57|53|56|61|75|101|104|59|28|38|40|21|8|941|179|False|South
Jan 7, 2005|Friday|8|4|2|5|9|6|26|36|44|57|55|54|74|79|91|78|97|95|74|52|48|32|32|18|1076|179|False|South
Jan 8, 2005|Saturday|6|6|6|3|5|6|6|18|26|48|77|66|84|71|81|89|75|55|43|58|40|66|22|20|977|179|False|South
Jan 9, 2005|Sunday|10|4|2|3|2|5|6|19|13|18|50|55|47|41|53|57|44|42|26|41|12|23|8|3|584|179|False|South
Jan 10, 2005|Monday|0|0|3|5|6|8|24|59|57|60|44|44|50|61|68|79|100|112|62|34|23|22|10|10|941|179|False|South
Jan 11, 2005|Tuesday|4|0|5|7|6|10|17|62|58|48|50|68|44|57|69|103|99|95|56|38|21|24|26|8|975|179|False|South
Jan 12, 2005|Wednesday|7|0|2|3|7|12|19|53|55|44|49|52|45|61|54|64|82|88|50|21|21|17|20|7|833|179|False|South
Jan 13, 2005|Thursday|6|4|2|4|7|6|18|52|50|50|47|55|46|58|59|77|79|99|45|29|28|17|22|7|867|179|False|South
Jan 14, 2005|Friday|4|4|3|5|9|7|20|33|39|46|47|56|59|76|79|86|95|105|63|44|29|27|19|13|968|179|True|South
Jan 15, 2005|Saturday|10|3|2|4|4|2|6|15|34|45|48|49|39|62|53|71|69|56|46|37|24|20|22|21|742|179|False|South
Jan 16, 2005|Sunday|11|9|6|3|0|4|7|11|8|23|46|64|32|41|30|62|68|48|46|36|27|13|18|7|620|179|False|South
Jan 17, 2005|Monday|2|1|1|5|7|5|18|44|39|45|38|47|43|64|70|77|75|100|64|37|23|19|9|13|846|179|False|South
Jan 18, 2005|Tuesday|5|1|2|7|7|10|19|49|75|55|57|54|57|59|63|70|104|113|58|34|33|41|20|12|1005|179|False|South
Jan 19, 2005|Wednesday|4|7|2|4|5|7|19|53|67|61|48|52|66|57|71|87|91|80|54|31|25|23|12|10|936|179|False|South
Jan 20, 2005|Thursday|3|4|3|6|7|9|21|54|49|49|55|55|58|63|56|79|111|87|56|31|27|40|19|8|950|179|False|South
Jan 21, 2005|Friday|5|9|2|5|7|8|20|42|40|37|49|47|75|74|51|74|74|48|18|16|11|1|0|0|713|179|False|South
Jan 22, 2005|Saturday|3|1|1|1|1|0|5|7|10|17|28|38|43|43|60|41|50|33|24|25|22|19|22|15|509|179|False|South
Jan 23, 2005|Sunday|12|11|11|3|0|0|4|17|15|29|42|59|48|53|82|54|56|49|38|41|18|31|12|9|694|179|False|South
Jan 24, 2005|Monday|1|2|1|3|8|4|22|52|52|58|61|54|72|72|68|92|105|112|56|44|19|35|10|4|1007|179|False|South
Jan 25, 2005|Tuesday|6|1|4|5|5|7|20|60|63|59|65|62|54|49|67|75|130|114|78|41|26|19|21|13|1044|179|False|South
Jan 26, 2005|Wednesday|5|6|1|5|6|7|15|58|58|60|52|46|48|56|81|69|93|104|54|24|27|22|15|7|919|179|False|South
Jan 27, 2005|Thursday|6|2|5|7|4|11|29|53|58|54|59|57|52|68|55|73|96|92|56|40|44|17|34|17|989|179|False|South
Jan 28, 2005|Friday|8|5|0|5|10|5|20|43|49|35|51|60|62|78|83|80|92|103|58|54|38|27|25|8|999|179|False|South
Jan 29, 2005|Saturday|14|12|2|3|3|3|8|39|47|54|54|57|42|77|79|72|68|55|52|33|30|16|21|16|857|179|False|South
Jan 30, 2005|Sunday|8|13|8|6|6|5|6|16|23|25|41|44|42|56|83|77|69|63|49|27|22|20|18|6|733|179|False|South
Jan 31, 2005|Monday|3|4|2|3|8|2|27|59|41|45|52|46|58|69|58|80|93|100|57|38|28|20|11|7|911|179|False|South
Feb 1, 2005|Tuesday|1|3|5|4|20|29|76|100|92|54|53|48|57|54|62|58|62|70|38|29|19|40|16|7|997|179|False|North
Feb 2, 2005|Wednesday|1|6|7|7|15|27|80|101|78|59|50|48|54|55|43|55|69|51|50|27|25|12|10|4|934|179|False|North
Feb 3, 2005|Thursday|2|2|5|4|11|36|73|82|79|77|59|66|53|56|56|55|64|59|53|34|21|23|15|9|994|179|True|North
Feb 4, 2005|Friday|8|6|6|10|14|30|58|89|73|54|55|62|68|70|73|76|64|81|59|40|25|22|15|13|1071|179|False|North
Feb 5, 2005|Saturday|6|5|0|4|5|9|21|54|47|52|66|63|66|61|40|50|42|39|58|44|26|33|18|15|824|179|False|North
Feb 6, 2005|Sunday|16|11|2|5|2|1|8|5|27|24|36|50|49|51|72|63|53|60|34|19|24|28|34|11|685|179|False|North
Feb 7, 2005|Monday|6|2|4|1|14|20|78|95|75|65|63|61|59|59|53|47|70|60|35|20|16|10|12|5|930|179|False|North
Feb 8, 2005|Tuesday|3|1|2|5|17|17|72|84|81|72|54|45|69|56|58|49|55|66|36|21|20|12|15|10|920|179|False|North
Feb 9, 2005|Wednesday|4|4|1|5|13|23|63|98|74|58|29|55|42|62|40|73|67|52|49|30|24|22|14|6|908|179|False|North
Feb 10, 2005|Thursday|5|3|1|5|14|23|82|88|89|86|58|52|55|59|61|52|63|70|52|37|27|25|8|9|1024|179|False|North
Feb 11, 2005|Friday|5|4|4|4|9|20|66|83|59|82|69|68|62|55|65|53|50|65|47|38|39|26|25|9|1007|179|False|North
Feb 12, 2005|Saturday|9|7|1|4|10|7|17|22|49|59|58|67|59|63|57|53|61|43|41|47|45|29|22|13|843|179|False|North
Feb 13, 2005|Sunday|9|17|3|4|3|3|5|8|16|41|37|63|58|60|54|69|73|72|49|41|23|23|12|10|753|179|False|North
Feb 14, 2005|Monday|3|1|3|5|13|22|78|112|78|64|70|49|58|60|53|56|69|50|31|25|26|27|5|6|964|179|False|North
Feb 15, 2005|Tuesday|3|5|3|7|13|24|75|97|93|62|47|55|59|46|48|64|74|65|40|27|24|16|17|7|971|179|False|North
Feb 16, 2005|Wednesday|5|3|7|4|18|18|75|104|90|67|61|52|50|60|64|86|53|52|47|20|22|16|11|10|995|179|False|North
Feb 17, 2005|Thursday|4|7|1|5|16|25|77|98|88|63|59|56|71|68|67|73|70|63|55|31|42|26|11|6|1082|179|False|North
Feb 18, 2005|Friday|8|5|3|4|10|30|68|88|77|71|82|60|74|75|71|79|68|97|65|42|27|21|14|12|1151|179|False|North
Feb 19, 2005|Saturday|5|6|2|2|10|6|15|33|58|55|44|47|66|49|43|51|50|48|49|32|32|24|11|13|751|179|False|North
Feb 20, 2005|Sunday|4|5|6|2|2|5|7|10|23|22|27|44|48|35|45|60|56|46|54|33|26|32|11|8|611|179|False|North
Feb 21, 2005|Monday|5|9|3|5|7|22|59|80|56|73|72|50|54|51|60|50|74|81|51|43|29|15|8|2|959|179|False|North
Feb 22, 2005|Tuesday|4|4|1|4|11|23|74|92|84|74|70|63|56|61|70|66|66|68|32|27|15|21|8|6|1000|179|False|North
Feb 23, 2005|Wednesday|3|3|6|3|16|34|64|86|79|60|50|44|49|59|65|64|66|64|40|25|25|13|8|7|933|179|False|North
Feb 24, 2005|Thursday|3|3|1|7|23|24|55|106|81|71|46|45|60|51|55|48|71|65|57|22|23|26|11|4|958|179|False|North
Feb 25, 2005|Friday|4|5|6|7|9|26|70|90|67|61|64|53|61|69|47|67|71|77|73|37|26|30|17|6|1043|179|False|North
Feb 26, 2005|Saturday|1|3|3|1|4|7|25|30|47|60|57|62|47|44|49|60|57|45|49|39|31|29|24|14|788|179|False|North
Feb 27, 2005|Sunday|7|11|5|1|1|2|11|14|28|34|43|65|47|44|52|52|66|44|63|51|32|36|8|9|726|179|False|North
Feb 28, 2005|Monday|2|2|1|7|12|27|66|99|81|57|45|61|47|50|58|65|36|51|40|25|18|18|9|6|883|179|False|North
Feb 1, 2005|Tuesday|5|2|2|2|8|8|17|46|40|48|37|45|75|59|67|85|108|108|60|32|28|38|21|8|949|179|False|South
Feb 2, 2005|Wednesday|8|3|1|1|7|5|26|68|56|34|48|60|61|64|69|67|90|103|64|40|30|22|15|9|951|179|False|South
Feb 3, 2005|Thursday|2|5|3|5|4|10|26|60|69|58|52|66|60|66|64|78|109|120|58|40|36|29|17|13|1050|179|True|South
Feb 4, 2005|Friday|4|5|4|4|5|6|17|51|58|56|61|72|72|77|92|106|120|109|70|43|36|27|21|20|1136|179|False|South
Feb 5, 2005|Saturday|11|7|2|5|1|3|4|27|36|44|42|46|62|74|62|69|80|70|71|38|28|25|32|15|854|179|False|South
Feb 6, 2005|Sunday|12|4|4|6|3|2|3|6|17|37|39|61|55|64|44|50|70|42|37|29|15|30|17|7|654|179|False|South
Feb 7, 2005|Monday|2|1|2|3|6|7|20|58|59|43|45|64|47|66|62|58|80|98|55|36|27|43|16|4|902|179|False|South
Feb 8, 2005|Tuesday|3|3|2|1|5|2|19|52|62|52|54|60|45|46|57|69|94|104|46|23|21|30|13|12|875|179|False|South
Feb 9, 2005|Wednesday|10|3|1|2|6|6|19|48|63|52|48|46|57|43|66|63|85|96|47|32|42|24|14|7|880|179|False|South
Feb 10, 2005|Thursday|10|4|5|5|5|4|21|66|71|45|57|56|54|63|74|85|109|98|53|33|40|25|17|12|1012|179|False|South
Feb 11, 2005|Friday|6|7|3|6|4|5|22|42|57|48|42|60|80|85|85|99|104|127|77|40|34|37|28|16|1114|179|False|South
Feb 12, 2005|Saturday|9|6|4|2|2|3|9|26|59|41|53|49|53|51|50|75|97|80|75|50|30|21|19|24|888|179|False|South
Feb 13, 2005|Sunday|11|8|14|2|2|3|2|11|19|32|36|42|49|47|45|65|70|52|49|32|16|21|9|10|647|179|False|South
Feb 14, 2005|Monday|2|0|2|5|4|7|16|46|64|66|53|58|44|72|65|63|98|112|67|49|31|19|21|10|974|179|False|South
Feb 15, 2005|Tuesday|3|5|3|3|5|5|20|54|53|51|52|39|48|69|65|78|94|102|72|44|31|42|16|11|965|179|False|South
Feb 16, 2005|Wednesday|6|2|3|6|4|2|21|47|56|54|51|54|52|68|85|92|106|105|59|30|39|20|25|9|996|179|False|South
Feb 17, 2005|Thursday|3|4|5|5|11|2|14|62|65|59|54|69|72|77|79|87|100|130|70|54|44|26|19|13|1124|179|False|South
Feb 18, 2005|Friday|8|6|6|5|7|2|24|60|52|60|49|67|76|90|100|102|108|104|64|49|42|59|33|23|1196|179|False|South
Feb 19, 2005|Saturday|11|9|1|4|3|3|11|30|39|39|67|68|55|61|47|58|83|49|40|38|26|22|18|11|793|179|False|South
Feb 20, 2005|Sunday|10|7|3|2|1|2|12|12|10|28|37|46|48|36|41|62|65|40|39|26|23|12|10|3|575|179|False|South
Feb 21, 2005|Monday|8|2|1|3|6|5|18|45|42|37|48|61|56|64|78|74|91|103|64|40|36|45|20|8|955|179|False|South
Feb 22, 2005|Tuesday|8|3|3|2|8|7|23|53|52|63|60|58|69|65|75|69|106|109|51|32|32|31|15|10|1004|179|False|South
Feb 23, 2005|Wednesday|6|6|3|4|8|7|19|56|50|59|54|44|66|58|75|60|97|93|62|41|32|22|8|6|936|179|False|South
Feb 24, 2005|Thursday|5|3|4|4|7|3|10|63|63|43|59|37|51|65|67|70|103|102|76|28|32|26|17|14|952|179|False|South
Feb 25, 2005|Friday|9|10|1|6|7|7|14|44|41|47|39|63|79|70|96|85|87|117|71|40|37|37|34|18|1059|179|False|South
Feb 26, 2005|Saturday|15|10|4|1|7|3|8|26|27|27|48|39|44|68|50|81|78|58|53|57|28|34|34|17|817|179|False|South
Feb 27, 2005|Sunday|12|7|5|1|4|1|5|10|15|24|32|46|47|48|58|62|59|58|57|35|31|25|11|4|657|179|False|South
Feb 28, 2005|Monday|5|1|1|1|6|4|21|58|55|63|52|40|46|56|63|70|68|108|51|47|33|28|18|6|901|179|False|South
Mar 1, 2005|Tuesday|4|5|2|5|13|23|71|97|90|64|62|59|60|55|56|60|59|57|53|30|21|27|14|6|993|179|True|North
Mar 2, 2005|Wednesday|6|2|3|4|14|33|79|93|77|52|49|50|49|38|54|60|50|61|47|31|24|20|11|5|912|179|False|North
Mar 3, 2005|Thursday|0|5|1|5|11|30|66|92|76|57|61|61|57|55|52|68|70|80|49|29|33|28|19|9|1014|179|False|North
Mar 4, 2005|Friday|7|5|3|5|14|19|72|90|70|79|67|64|68|57|59|77|87|73|44|32|48|45|26|22|1133|179|True|North
Mar 5, 2005|Saturday|31|23|2|2|5|8|20|26|41|49|55|83|60|89|73|55|68|50|62|50|40|42|24|19|977|179|False|North
Mar 6, 2005|Sunday|6|12|8|6|4|3|8|14|31|43|40|57|54|67|73|52|76|89|74|58|37|35|8|4|859|179|False|North
Mar 7, 2005|Monday|3|4|3|7|18|27|66|103|82|64|57|60|38|62|47|59|49|59|45|27|25|18|9|7|939|179|False|North
Mar 8, 2005|Tuesday|4|4|2|4|12|27|69|103|80|61|56|56|43|55|61|55|72|60|33|21|19|16|15|5|933|179|False|North
Mar 9, 2005|Wednesday|2|2|5|7|12|23|78|100|88|55|59|53|59|60|54|64|65|68|55|26|17|17|10|5|984|179|False|North
Mar 10, 2005|Thursday|1|3|3|5|13|27|74|98|72|59|44|48|48|53|55|63|104|55|43|24|30|24|13|10|969|179|False|North
Mar 11, 2005|Friday|5|3|4|4|11|20|67|98|71|59|57|50|72|62|64|64|78|49|47|38|31|20|10|7|991|179|False|North
Mar 12, 2005|Saturday|6|8|6|1|6|8|12|35|63|51|65|53|58|51|41|45|37|37|37|31|20|24|17|21|733|179|False|North
Mar 13, 2005|Sunday|13|14|5|2|3|4|9|11|37|33|43|43|44|56|46|50|54|64|59|43|25|19|13|12|702|179|False|North
Mar 14, 2005|Monday|2|2|4|5|14|27|67|99|88|54|62|53|50|61|61|61|44|63|41|30|16|23|13|6|946|179|True|North
Mar 15, 2005|Tuesday|5|2|1|10|9|22|67|88|59|72|58|65|53|71|59|68|68|50|47|31|19|16|7|9|956|179|False|North
Mar 16, 2005|Wednesday|4|3|2|8|11|19|88|86|98|59|59|62|46|55|63|72|63|75|46|26|23|20|7|7|1002|179|False|North
Mar 17, 2005|Thursday|2|3|1|4|15|18|75|93|86|69|51|59|59|71|58|67|75|67|31|27|19|19|15|7|991|179|False|North
Mar 18, 2005|Friday|2|3|5|4|11|8|29|33|24|23|21|24|16|15|24|20|15|16|11|4|5|6|5|2|326|179|False|North
Mar 19, 2005|Saturday|4|3|2|3|7|6|11|40|46|68|60|60|81|56|52|43|43|59|44|40|37|24|27|17|833|179|False|North
Mar 20, 2005|Sunday|10|8|2|2|1|1|11|9|35|49|44|72|55|78|68|53|69|81|59|63|36|37|7|8|858|179|False|North
Mar 21, 2005|Monday|3|5|0|5|16|27|80|82|75|54|45|55|53|46|60|55|48|51|46|28|22|21|12|5|894|179|False|North
Mar 22, 2005|Tuesday|4|7|4|2|12|28|79|83|87|63|57|56|61|60|58|66|80|56|36|28|16|21|23|9|996|179|False|North
Mar 23, 2005|Wednesday|3|4|2|5|11|26|73|89|78|55|62|54|45|66|67|72|58|73|50|35|16|20|13|11|988|179|False|North
Mar 24, 2005|Thursday|4|6|2|4|7|29|77|93|84|63|78|52|61|48|68|58|50|74|59|41|22|27|12|11|1030|179|False|North
Mar 25, 2005|Friday|4|4|3|5|12|20|50|77|46|67|56|65|62|71|78|72|67|54|65|51|32|29|21|16|1027|179|False|North
Mar 26, 2005|Saturday|8|5|2|4|7|9|17|30|80|67|46|52|59|49|50|51|48|39|45|31|28|17|29|28|801|179|False|North
Mar 27, 2005|Sunday|13|18|3|1|3|5|22|16|33|37|60|58|57|45|78|100|123|130|114|103|52|46|16|7|1140|179|False|North
Mar 28, 2005|Monday|3|6|4|4|10|26|85|101|103|87|88|71|69|95|93|82|79|59|55|39|30|22|9|3|1223|179|False|North
Mar 29, 2005|Tuesday|2|8|1|4|14|24|80|114|83|69|66|61|52|63|56|74|53|68|51|25|27|12|11|5|1023|179|False|North
Mar 30, 2005|Wednesday|3|2|2|3|12|18|73|93|65|64|50|58|61|68|74|77|50|67|44|25|20|18|10|6|963|179|False|North
Mar 31, 2005|Thursday|0|2|3|5|12|27|78|93|81|67|68|54|57|63|80|72|58|83|40|32|17|27|13|8|1040|179|False|North
Mar 1, 2005|Tuesday|6|1|2|1|6|9|25|58|59|45|41|50|62|65|59|72|97|104|56|33|30|44|26|9|960|179|True|South
Mar 2, 2005|Wednesday|6|4|1|2|8|6|31|59|58|58|58|47|46|67|64|65|74|88|58|36|27|28|18|8|917|179|False|South
Mar 3, 2005|Thursday|6|2|3|5|4|8|17|71|66|51|39|59|66|52|73|69|103|108|60|42|47|27|20|9|1007|179|False|South
Mar 4, 2005|Friday|7|10|5|2|9|6|23|58|59|43|68|58|75|87|97|76|114|116|95|59|48|41|28|21|1205|179|True|South
Mar 5, 2005|Saturday|9|11|6|1|3|5|15|27|59|63|58|50|48|76|62|76|115|86|51|67|27|35|37|22|1009|179|False|South
Mar 6, 2005|Sunday|9|10|7|3|3|5|11|25|21|35|43|64|68|60|79|79|74|58|48|36|26|24|10|3|801|179|False|South
Mar 7, 2005|Monday|5|3|2|2|6|6|23|70|44|49|38|44|45|48|55|74|97|106|60|29|22|15|21|9|873|179|False|South
Mar 8, 2005|Tuesday|7|1|3|4|6|3|29|67|60|48|50|43|54|54|74|86|89|105|60|29|31|28|23|7|961|179|False|South
Mar 9, 2005|Wednesday|5|4|4|7|6|9|31|74|57|58|42|40|40|64|59|72|99|104|58|39|42|20|20|7|961|179|False|South
Mar 10, 2005|Thursday|7|4|3|6|4|10|28|52|54|40|39|40|50|64|55|86|92|117|67|62|38|35|20|17|990|179|False|South
Mar 11, 2005|Friday|6|4|1|11|8|8|15|44|38|55|50|56|76|74|92|94|105|106|72|40|45|29|25|14|1068|179|False|South
Mar 12, 2005|Saturday|8|2|3|1|4|3|7|20|39|42|48|52|59|43|44|59|62|53|58|57|35|24|12|14|749|179|False|South
Mar 13, 2005|Sunday|12|7|4|4|1|7|6|6|14|34|34|41|39|53|50|46|64|52|48|64|26|26|13|5|656|179|False|South
Mar 14, 2005|Monday|5|4|2|4|5|8|22|67|66|54|40|59|48|53|74|79|99|102|42|34|25|30|13|5|940|179|True|South
Mar 15, 2005|Tuesday|6|3|5|2|7|4|27|45|63|60|55|43|53|64|44|85|89|109|64|34|25|22|17|9|935|179|False|South
Mar 16, 2005|Wednesday|9|3|4|6|4|10|28|57|49|58|56|48|50|57|64|76|88|101|68|38|43|21|23|9|970|179|False|South
Mar 17, 2005|Thursday|5|1|3|6|7|10|26|56|49|47|41|48|56|53|84|88|100|109|72|35|20|26|18|9|969|179|False|South
Mar 18, 2005|Friday|4|2|1|7|4|4|14|14|21|24|20|14|18|29|20|29|24|34|20|9|10|0|1|4|327|179|False|South
Mar 19, 2005|Saturday|1|3|1|1|1|2|9|25|42|53|50|60|56|50|70|55|51|67|59|38|28|18|30|27|797|179|False|South
Mar 20, 2005|Sunday|16|9|5|3|1|3|5|9|26|31|46|53|76|63|63|63|73|51|53|40|32|17|13|6|757|179|False|South
Mar 21, 2005|Monday|5|0|2|1|7|11|20|56|36|47|52|44|40|47|67|59|106|107|59|31|24|29|12|10|872|179|False|South
Mar 22, 2005|Tuesday|13|4|6|3|7|11|23|55|61|46|43|42|47|67|56|65|93|106|78|32|25|27|19|11|940|179|False|South
Mar 23, 2005|Wednesday|8|5|2|1|8|4|22|53|63|52|49|54|61|65|55|79|82|124|84|37|37|21|23|10|999|179|False|South
Mar 24, 2005|Thursday|7|5|5|8|8|4|24|63|64|55|47|55|59|76|71|108|132|117|78|48|38|24|16|13|1125|179|False|South
Mar 25, 2005|Friday|9|6|2|4|9|7|18|45|50|51|60|69|82|76|95|94|82|105|80|57|43|40|28|24|1136|179|False|South
Mar 26, 2005|Saturday|10|10|3|9|1|4|12|16|29|56|60|48|68|76|55|89|90|72|56|38|36|29|20|23|910|179|False|South
Mar 27, 2005|Sunday|8|8|4|5|4|4|5|7|41|47|95|130|63|51|34|70|93|71|57|58|34|23|12|19|943|179|False|South
Mar 28, 2005|Monday|6|5|2|3|6|10|24|75|69|64|55|64|77|82|73|104|110|113|61|46|30|28|16|17|1140|179|False|South
Mar 29, 2005|Tuesday|5|7|2|4|8|7|23|68|55|61|43|57|56|57|61|77|105|110|88|47|30|28|15|12|1026|179|False|South
Mar 30, 2005|Wednesday|7|2|1|5|6|5|20|76|51|63|46|52|59|70|59|65|83|92|67|36|23|24|20|13|945|179|False|South
Mar 31, 2005|Thursday|3|4|2|4|7|8|22|63|51|54|57|53|72|58|61|70|120|103|70|50|42|29|16|9|1028|179|False|South
Apr 1, 2005|Friday|7|6|3|6|12|30|78|98|77|67|79|55|69|75|70|78|68|59|64|39|44|35|18|12|1149|179|False|North
Apr 2, 2005|Saturday|10|7|6|5|6|12|16|57|89|84|57|57|60|67|58|82|55|70|50|37|32|34|20|8|979|179|False|North
Apr 3, 2005|Sunday|12|15|3|6|1|5|9|15|28|35|25|45|52|49|48|80|71|72|77|66|45|34|22|11|826|179|True|North
Apr 4, 2005|Monday|4|7|3|6|11|31|80|101|85|70|76|54|69|61|63|75|70|53|32|35|35|29|16|9|1075|179|False|North
Apr 5, 2005|Tuesday|7|0|2|6|16|22|74|103|95|72|69|62|66|57|67|59|76|60|38|23|19|22|16|7|1038|179|False|North
Apr 6, 2005|Wednesday|2|1|4|4|9|34|73|92|88|64|74|56|61|71|75|61|68|50|41|33|31|18|20|8|1038|179|False|North
Apr 7, 2005|Thursday|4|5|3|6|17|24|81|94|106|68|75|65|74|73|61|79|84|63|53|39|35|29|16|6|1160|179|False|North
Apr 8, 2005|Friday|2|5|3|10|14|29|66|88|80|65|84|60|64|59|67|78|64|54|53|50|35|26|27|10|1093|179|False|North
Apr 9, 2005|Saturday|8|9|1|6|8|5|21|81|87|70|60|74|56|60|52|62|49|50|47|41|44|31|27|15|964|179|False|North
Apr 10, 2005|Sunday|16|15|3|1|3|7|6|11|33|35|43|34|56|73|75|62|55|74|69|55|53|41|17|10|847|179|False|North
Apr 11, 2005|Monday|1|4|2|6|13|32|73|95|79|64|79|69|51|67|67|62|72|52|49|25|16|19|16|8|1021|179|False|North
Apr 12, 2005|Tuesday|2|6|3|4|14|25|77|101|78|87|79|83|78|66|80|70|64|65|32|26|24|21|13|7|1105|179|False|North
Apr 13, 2005|Wednesday|4|1|3|3|14|26|85|99|104|72|80|58|69|79|70|70|84|62|54|29|23|28|15|8|1140|179|False|North
Apr 14, 2005|Thursday|1|3|4|2|9|33|84|95|84|95|75|79|75|71|78|76|86|73|47|51|42|22|16|7|1208|179|False|North
Apr 15, 2005|Friday|2|2|1|7|14|16|76|91|68|76|82|58|74|65|50|83|84|90|91|58|33|33|17|11|1182|179|False|North
Apr 16, 2005|Saturday|7|8|3|9|6|12|21|55|61|77|94|72|62|72|75|69|50|78|58|42|47|45|23|23|1069|179|False|North
Apr 17, 2005|Sunday|9|13|3|3|6|5|11|18|36|44|52|86|68|83|75|73|105|81|91|82|47|34|20|9|1054|179|False|North
Apr 18, 2005|Monday|7|4|3|4|14|35|86|113|117|58|75|71|63|74|58|65|81|52|59|31|29|27|9|7|1142|179|False|North
Apr 19, 2005|Tuesday|6|1|1|4|15|20|76|102|108|69|78|94|80|78|80|67|81|55|65|29|37|18|18|9|1191|179|False|North
Apr 20, 2005|Wednesday|1|1|2|4|13|30|87|100|68|73|51|48|61|56|60|72|80|68|62|33|28|20|11|6|1035|179|False|North
Apr 21, 2005|Thursday|1|4|5|4|10|32|72|92|103|77|67|64|63|56|71|84|83|69|57|27|37|32|24|7|1141|179|False|North
Apr 22, 2005|Friday|4|6|5|7|15|25|72|93|77|75|63|70|68|53|66|72|69|67|64|47|43|42|25|20|1148|179|False|North
Apr 23, 2005|Saturday|7|11|3|4|8|5|26|55|58|62|66|70|58|72|56|62|64|50|52|42|43|32|35|20|961|179|False|North
Apr 24, 2005|Sunday|12|15|7|4|5|7|7|97|59|43|56|71|62|70|71|86|76|91|88|67|67|34|24|9|1128|179|False|North
Apr 25, 2005|Monday|6|5|8|7|12|33|80|94|79|61|73|68|50|71|58|62|61|61|57|38|24|28|16|9|1061|179|False|North
Apr 26, 2005|Tuesday|5|2|3|4|11|19|79|90|88|75|77|58|49|78|49|66|67|77|46|35|33|24|16|7|1058|179|False|North
Apr 27, 2005|Wednesday|4|2|2|6|14|25|79|109|79|71|65|54|55|68|69|60|83|61|52|39|25|13|10|8|1053|179|False|North
Apr 28, 2005|Thursday|6|5|2|2|12|22|77|95|107|61|52|55|66|69|73|72|79|79|39|41|31|25|17|9|1096|179|False|North
Apr 29, 2005|Friday|7|5|2|4|15|23|72|77|68|66|58|67|48|65|76|55|64|75|68|57|40|33|19|12|1076|179|False|North
Apr 30, 2005|Saturday|17|6|5|3|4|9|33|51|59|75|79|65|60|72|53|77|71|58|41|59|20|37|37|10|1001|179|False|North
Apr 1, 2005|Friday|7|3|3|2|7|8|24|63|58|52|54|59|69|77|85|100|108|117|97|64|40|46|27|16|1186|179|False|South
Apr 2, 2005|Saturday|14|8|7|1|5|5|21|26|38|63|62|61|74|63|72|58|88|56|72|66|31|38|41|13|983|179|False|South
Apr 3, 2005|Sunday|13|3|5|10|1|1|10|6|16|30|50|60|75|87|59|68|68|54|45|36|28|16|13|8|762|179|True|South
Apr 4, 2005|Monday|7|2|1|6|8|5|17|57|52|63|46|65|73|71|60|67|101|127|64|45|32|22|20|13|1024|179|False|South
Apr 5, 2005|Tuesday|9|5|5|3|7|6|25|55|61|44|48|47|52|63|75|89|94|95|70|45|30|27|22|11|988|179|False|South
Apr 6, 2005|Wednesday|6|9|8|4|6|7|24|55|48|66|44|55|72|72|84|82|89|96|82|50|31|29|19|9|1047|179|False|South
Apr 7, 2005|Thursday|8|4|4|5|7|9|18|58|71|54|67|67|71|57|77|89|124|124|64|46|36|37|19|15|1131|179|False|South
Apr 8, 2005|Friday|11|4|8|1|5|4|23|62|49|75|64|63|91|67|104|93|111|111|74|72|43|29|20|22|1206|179|False|South
Apr 9, 2005|Saturday|7|6|3|2|5|5|13|32|42|48|59|51|62|72|66|82|98|90|96|45|28|38|35|20|1005|179|False|South
Apr 10, 2005|Sunday|14|7|8|0|1|5|13|18|13|31|46|46|60|41|67|77|79|60|50|36|35|25|13|9|754|179|False|South
Apr 11, 2005|Monday|3|1|0|2|8|11|20|59|50|54|52|68|50|69|63|67|100|119|63|44|29|27|18|7|984|179|False|South
Apr 12, 2005|Tuesday|7|2|5|6|2|8|19|68|52|63|45|71|66|56|77|86|106|96|81|54|27|18|21|14|1050|179|False|South
Apr 13, 2005|Wednesday|8|4|1|3|7|7|22|70|52|74|51|61|66|85|90|84|122|114|71|57|30|31|14|14|1138|179|False|South
Apr 14, 2005|Thursday|6|6|2|8|8|4|26|79|55|63|55|64|83|73|85|92|138|101|70|61|47|33|15|15|1189|179|False|South
Apr 15, 2005|Friday|10|7|0|8|9|8|25|57|68|53|53|80|67|72|95|107|103|150|91|55|45|39|34|24|1260|179|False|South
Apr 16, 2005|Saturday|11|8|8|1|1|5|18|34|21|45|57|72|78|100|79|85|116|121|79|57|36|51|36|25|1144|179|False|South
Apr 17, 2005|Sunday|11|8|4|4|1|4|28|29|26|42|69|62|89|51|109|115|129|86|62|45|34|30|16|3|1057|179|False|South
Apr 18, 2005|Monday|3|1|2|3|9|8|26|64|63|79|68|72|69|55|81|87|136|127|70|46|31|28|13|7|1148|179|False|South
Apr 19, 2005|Tuesday|7|2|4|7|9|13|35|68|79|93|58|56|74|61|78|93|120|117|81|55|32|28|21|10|1201|179|False|South
Apr 20, 2005|Wednesday|8|5|5|3|4|8|23|49|51|45|56|58|68|77|56|86|91|115|76|50|47|37|24|9|1051|179|False|South
Apr 21, 2005|Thursday|4|2|2|7|8|12|27|70|77|41|54|58|67|84|69|80|115|118|93|33|47|43|26|15|1152|179|False|South
Apr 22, 2005|Friday|12|8|7|6|6|4|19|58|50|56|60|59|76|67|97|95|128|132|100|70|44|39|30|22|1245|179|False|South
Apr 23, 2005|Saturday|13|15|8|1|3|6|8|27|52|69|64|59|69|68|82|100|92|89|78|46|43|29|26|21|1068|179|False|South
Apr 24, 2005|Sunday|7|5|5|3|4|4|7|22|25|41|48|56|70|75|96|85|125|115|78|54|34|20|16|9|1004|179|False|South
Apr 25, 2005|Monday|4|3|1|4|5|7|24|62|63|48|53|69|61|56|66|69|89|114|68|47|38|31|21|17|1020|179|False|South
Apr 26, 2005|Tuesday|9|3|4|4|4|9|33|69|61|45|55|55|75|41|67|82|104|111|67|63|39|22|19|12|1053|179|False|South
Apr 27, 2005|Wednesday|6|3|1|1|7|5|30|71|60|55|61|56|68|73|71|67|106|116|71|46|36|31|20|7|1068|179|False|South
Apr 28, 2005|Thursday|7|3|4|4|6|6|19|59|50|56|57|63|67|60|100|82|113|114|75|72|34|28|23|11|1113|179|False|South
Apr 29, 2005|Friday|7|8|8|9|9|4|22|40|48|49|51|70|70|97|90|95|112|105|100|46|49|49|26|21|1185|179|False|South
Apr 30, 2005|Saturday|12|9|3|4|1|4|19|25|56|55|53|60|70|83|66|61|93|74|50|52|49|36|34|19|988|179|False|South
May 1, 2005|Sunday|14|14|4|1|2|4|21|34|40|46|52|57|81|58|77|63|62|67|81|60|48|38|18|17|959|179|False|North
May 2, 2005|Monday|1|3|8|4|11|26|77|117|65|59|55|75|53|52|47|53|69|53|43|23|22|24|6|8|954|179|False|North
May 3, 2005|Tuesday|4|3|0|6|14|25|79|102|90|65|71|56|67|71|57|60|72|63|39|51|34|18|15|7|1069|179|False|North
May 4, 2005|Wednesday|5|5|5|5|13|24|78|91|73|65|49|55|71|60|69|81|66|76|51|25|25|25|16|2|1035|179|False|North
May 5, 2005|Thursday|8|5|3|3|13|26|77|84|77|70|63|61|49|58|67|71|86|78|55|43|45|29|18|9|1098|179|False|North
May 6, 2005|Friday|6|1|1|5|18|23|67|88|77|79|52|78|79|74|62|79|63|75|74|57|44|52|43|23|1220|179|False|North
May 7, 2005|Saturday|17|11|7|3|11|7|23|43|41|57|52|80|78|55|62|64|59|49|54|46|45|49|40|25|978|179|False|North
May 8, 2005|Sunday|20|31|7|3|8|4|8|14|29|44|65|72|73|89|128|85|99|82|109|78|66|45|25|8|1192|179|False|North
May 9, 2005|Monday|3|5|5|8|14|29|90|107|78|69|71|80|65|72|72|75|70|62|66|31|37|26|11|8|1154|179|False|North
May 10, 2005|Tuesday|3|1|1|3|16|27|80|97|85|78|52|76|86|70|65|84|84|56|55|38|32|26|20|7|1142|179|False|North
May 11, 2005|Wednesday|3|2|4|4|13|23|80|103|85|77|54|57|90|71|66|76|53|75|48|29|44|22|12|11|1102|179|False|North
May 12, 2005|Thursday|3|1|6|4|9|27|71|91|95|62|66|64|74|61|84|62|80|91|63|46|37|26|16|14|1153|179|False|North
May 13, 2005|Friday|1|3|2|6|8|25|70|90|55|63|78|78|82|83|64|78|75|89|72|46|60|31|40|12|1211|179|False|North
May 14, 2005|Saturday|15|10|7|7|6|12|25|40|99|91|63|67|75|68|77|62|66|64|54|46|33|44|32|16|1079|179|False|North
May 15, 2005|Sunday|28|14|5|5|3|4|6|30|40|49|68|78|70|63|76|83|79|93|79|96|77|42|26|20|1134|179|False|North
May 16, 2005|Monday|7|2|7|8|8|27|89|112|86|76|64|78|70|65|60|75|65|70|53|47|41|35|9|6|1160|179|False|North
May 17, 2005|Tuesday|4|9|3|5|15|22|79|100|87|78|81|82|70|68|47|72|76|76|50|29|34|24|16|8|1135|179|False|North
May 18, 2005|Wednesday|12|3|1|5|13|25|92|98|72|66|52|65|82|74|57|79|74|61|66|40|29|30|20|10|1126|179|False|North
May 19, 2005|Thursday|6|5|3|4|13|21|62|96|73|58|68|69|59|68|63|80|77|84|57|46|72|44|13|11|1152|179|False|North
May 20, 2005|Friday|11|1|5|7|13|28|76|105|62|75|68|63|70|65|92|70|69|75|69|57|67|62|67|54|1331|179|False|North
May 21, 2005|Saturday|12|12|7|6|7|8|23|50|57|82|81|84|66|83|83|74|68|67|81|54|54|57|50|31|1197|179|False|North
May 22, 2005|Sunday|30|10|8|4|5|4|13|17|31|51|54|69|82|70|80|80|83|85|85|79|57|68|24|16|1105|179|False|North
May 23, 2005|Monday|12|4|2|8|10|35|86|109|101|64|70|68|53|63|63|71|55|73|48|37|48|48|15|13|1156|179|False|North
May 24, 2005|Tuesday|5|7|4|4|13|26|78|108|77|74|71|59|60|56|52|64|85|65|55|42|43|47|20|7|1122|179|False|North
May 25, 2005|Wednesday|8|4|1|3|11|17|81|102|72|97|64|66|74|55|76|79|84|74|44|31|39|36|17|4|1139|179|False|North
May 26, 2005|Thursday|6|5|3|9|11|20|82|103|76|66|66|74|72|83|78|71|100|85|58|50|40|47|37|12|1254|179|False|North
May 27, 2005|Friday|7|4|6|7|13|31|82|102|79|85|95|65|63|99|85|106|81|89|101|59|59|59|40|31|1448|179|False|North
May 28, 2005|Saturday|60|11|4|6|6|11|20|29|50|84|85|80|104|96|89|101|86|64|82|67|68|57|50|28|1338|179|False|North
May 29, 2005|Sunday|17|25|13|3|0|3|10|25|41|56|75|78|89|83|94|97|105|109|88|79|69|62|43|30|1294|179|False|North
May 30, 2005|Monday|15|13|6|6|2|6|15|28|30|64|64|89|90|82|116|120|120|143|108|88|75|59|25|17|1381|179|False|North
May 31, 2005|Tuesday|10|10|2|6|11|29|83|97|68|72|77|67|61|66|78|82|83|56|55|27|37|17|23|9|1126|179|False|North
May 1, 2005|Sunday|11|7|3|2|0|1|9|15|17|29|34|44|71|65|74|67|109|114|56|44|25|40|14|7|858|179|False|South
May 2, 2005|Monday|8|5|5|4|7|12|17|54|61|63|45|46|53|59|67|70|99|89|73|47|45|27|18|7|981|179|False|South
May 3, 2005|Tuesday|6|3|1|1|10|7|27|62|52|61|50|47|55|68|68|89|106|111|56|55|41|24|17|11|1028|179|False|South
May 4, 2005|Wednesday|6|8|3|5|6|9|23|67|70|40|60|59|59|71|58|49|101|130|77|53|35|36|24|9|1058|179|False|South
May 5, 2005|Thursday|6|2|3|5|3|5|26|61|58|58|59|68|60|58|87|99|102|106|88|54|53|39|28|17|1145|179|False|South
May 6, 2005|Friday|8|3|6|4|5|7|30|47|45|69|60|88|81|73|95|120|125|169|123|77|60|55|48|21|1419|179|False|South
May 7, 2005|Saturday|9|3|10|2|3|0|11|23|32|34|45|71|73|91|68|96|79|84|82|68|41|45|37|25|1032|179|False|South
May 8, 2005|Sunday|22|10|5|2|6|4|10|13|36|38|88|98|98|76|82|84|102|98|79|43|39|26|12|8|1079|179|False|South
May 9, 2005|Monday|3|3|1|3|9|4|35|70|64|63|48|79|64|85|63|69|109|123|63|54|46|27|22|12|1119|179|False|South
May 10, 2005|Tuesday|7|4|2|4|6|11|46|63|60|63|66|59|78|58|73|88|92|98|90|54|38|27|17|8|1112|179|False|South
May 11, 2005|Wednesday|8|5|2|6|4|7|33|69|78|73|65|68|54|83|66|96|102|115|76|47|34|27|16|7|1141|179|False|South
May 12, 2005|Thursday|4|6|3|4|6|8|29|62|59|68|54|82|57|92|85|96|114|121|74|70|35|49|19|8|1205|179|False|South
May 13, 2005|Friday|9|8|5|11|7|6|23|53|62|50|44|79|69|77|91|111|125|140|105|65|75|53|28|37|1333|179|False|South
May 14, 2005|Saturday|14|5|2|3|7|10|28|39|45|41|52|56|85|81|116|96|88|94|74|60|60|41|30|19|1146|179|False|South
May 15, 2005|Sunday|19|8|2|3|4|4|10|21|28|49|61|70|104|88|93|107|123|91|97|41|38|19|19|2|1101|179|False|South
May 16, 2005|Monday|10|1|2|6|4|11|37|72|62|63|75|67|62|64|85|109|115|102|70|52|29|35|17|10|1160|179|False|South
May 17, 2005|Tuesday|5|6|3|4|6|12|23|69|68|64|61|49|64|78|80|73|89|107|86|53|47|46|14|17|1124|179|False|South
May 18, 2005|Wednesday|8|5|2|4|7|12|29|70|62|59|56|67|71|76|84|79|96|112|83|74|45|34|18|7|1160|179|False|South
May 19, 2005|Thursday|3|4|6|10|5|8|27|56|83|63|64|53|71|68|91|97|104|116|90|59|44|45|26|12|1205|179|False|South
May 20, 2005|Friday|9|8|3|3|7|6|28|50|41|70|68|76|89|91|94|80|155|163|150|110|52|45|31|30|1459|179|False|South
May 21, 2005|Saturday|17|7|3|3|1|16|34|37|25|67|70|74|91|91|79|90|110|85|79|67|62|50|33|20|1211|179|True|South
May 22, 2005|Sunday|19|6|12|3|3|4|16|17|25|51|62|78|79|90|96|86|94|98|76|58|40|24|21|12|1070|179|False|South
May 23, 2005|Monday|7|4|3|0|11|14|42|77|53|79|57|65|67|99|68|70|114|142|57|48|25|27|23|5|1157|179|False|South
May 24, 2005|Tuesday|4|4|6|2|15|7|41|71|62|67|61|56|55|64|82|84|95|105|110|50|44|30|24|16|1155|179|False|South
May 25, 2005|Wednesday|7|7|5|4|6|7|30|79|56|69|69|54|69|96|103|64|98|123|79|54|44|35|21|7|1186|179|False|South
May 26, 2005|Thursday|7|5|3|4|6|15|30|72|66|78|59|69|75|72|88|98|114|112|106|59|45|37|27|14|1261|179|False|South
May 27, 2005|Friday|11|4|6|4|13|13|28|63|66|51|63|76|96|97|114|137|141|178|148|126|73|68|37|29|1642|179|False|South
May 28, 2005|Saturday|17|8|2|4|3|3|18|19|52|60|75|95|92|115|112|109|98|146|81|91|76|62|43|29|1410|179|False|South
May 29, 2005|Sunday|17|4|7|1|4|3|13|18|35|44|77|119|109|111|101|104|104|118|99|70|67|41|41|27|1334|179|False|South
May 30, 2005|Monday|11|4|0|3|3|5|16|30|34|55|83|103|115|134|110|106|93|85|67|58|62|34|23|20|1254|179|False|South
May 31, 2005|Tuesday|7|5|5|4|4|8|43|45|62|68|69|88|61|68|75|86|101|111|70|59|47|27|24|6|1143|179|False|South
Jun 1, 2005|Wednesday|2|0|1|6|12|24|67|106|72|53|79|72|61|67|63|69|74|74|58|41|30|32|14|7|1084|179|False|North
Jun 2, 2005|Thursday|3|2|4|7|12|23|87|85|84|74|69|81|77|93|67|62|84|81|64|41|42|47|21|12|1222|179|False|North
Jun 3, 2005|Friday|8|4|3|7|11|27|77|96|82|76|67|79|75|81|86|79|72|87|64|70|53|58|33|20|1315|179|False|North
Jun 4, 2005|Saturday|9|10|4|9|8|10|30|31|59|52|63|78|81|83|82|76|105|54|43|40|53|45|42|30|1097|179|False|North
Jun 5, 2005|Sunday|21|37|8|8|7|5|7|18|27|47|38|63|96|71|83|85|100|91|74|61|68|41|20|17|1093|179|False|North
Jun 6, 2005|Monday|6|9|3|8|12|32|84|110|69|57|73|57|74|68|74|85|72|62|55|36|40|38|23|11|1158|179|False|North
Jun 7, 2005|Tuesday|4|6|2|3|8|30|90|94|74|63|75|66|77|82|60|73|86|66|74|47|30|36|21|11|1178|179|False|North
Jun 8, 2005|Wednesday|7|5|5|6|9|20|71|102|90|60|63|59|70|71|64|89|87|86|67|37|38|36|22|16|1180|179|False|North
Jun 9, 2005|Thursday|6|3|2|3|12|28|92|113|76|78|81|69|66|77|71|59|82|71|63|46|64|55|34|13|1264|179|False|North
Jun 10, 2005|Friday|7|2|5|1|14|17|86|85|79|89|80|100|92|102|109|91|69|79|79|49|44|50|53|54|1436|179|False|North
Jun 11, 2005|Saturday|23|10|4|6|12|11|33|47|48|82|95|71|90|60|70|59|59|46|56|40|57|49|34|36|1098|179|False|North
Jun 12, 2005|Sunday|31|12|6|2|4|5|11|22|37|59|46|58|58|77|85|77|110|107|133|97|63|54|30|16|1200|179|False|North
Jun 13, 2005|Monday|7|3|5|5|14|24|82|105|89|71|81|81|58|81|81|53|75|72|53|38|34|34|18|16|1180|179|False|North
Jun 14, 2005|Tuesday|6|4|6|3|15|26|83|90|90|96|72|67|78|80|68|58|68|78|46|32|36|27|26|19|1174|179|False|North
Jun 15, 2005|Wednesday|5|1|2|2|11|25|84|96|88|73|57|74|69|48|68|72|90|59|66|42|36|50|31|10|1159|179|False|North
Jun 16, 2005|Thursday|6|3|1|9|11|29|73|108|104|94|66|65|59|64|74|65|85|83|69|61|43|47|31|24|1274|179|False|North
Jun 17, 2005|Friday|10|8|5|9|13|30|82|99|95|77|64|77|99|84|77|86|98|87|61|45|46|69|50|68|1439|179|False|North
Jun 18, 2005|Saturday|27|8|2|10|11|5|30|40|77|89|62|72|64|67|73|66|76|70|73|86|68|85|56|36|1253|179|False|North
Jun 19, 2005|Sunday|17|19|9|6|6|9|17|26|34|44|55|80|76|87|95|104|110|119|102|99|89|55|43|25|1326|179|False|North
Jun 20, 2005|Monday|4|4|6|8|15|42|87|103|83|57|87|82|55|73|68|71|74|67|57|42|35|27|8|12|1167|179|False|North
Jun 21, 2005|Tuesday|4|10|2|8|12|27|79|115|95|93|76|78|79|72|71|77|76|67|58|36|40|27|18|10|1230|179|False|North
Jun 22, 2005|Wednesday|6|4|2|6|13|26|95|121|101|70|74|65|77|79|68|60|89|85|61|35|28|39|17|11|1232|179|False|North
Jun 23, 2005|Thursday|6|4|4|4|12|32|84|117|89|77|68|70|61|65|73|77|72|71|55|51|33|35|22|19|1201|179|False|North
Jun 24, 2005|Friday|8|5|4|10|9|29|67|100|92|73|85|89|85|78|78|99|96|84|68|49|51|54|55|86|1454|179|False|North
Jun 25, 2005|Saturday|26|11|3|5|6|12|28|55|54|73|92|84|59|79|71|81|73|49|64|65|58|89|62|49|1248|179|False|North
Jun 26, 2005|Sunday|34|20|7|5|7|5|19|13|36|61|63|79|85|92|75|95|124|89|102|75|59|59|40|21|1265|179|False|North
Jun 27, 2005|Monday|11|3|2|9|14|29|92|106|83|71|89|69|79|72|60|68|51|73|60|27|29|50|14|8|1169|179|False|North
Jun 28, 2005|Tuesday|5|5|4|4|12|31|81|104|88|88|68|69|45|71|76|72|69|95|58|41|33|28|29|20|1196|179|False|North
Jun 29, 2005|Wednesday|9|6|2|9|13|33|77|109|86|82|63|71|73|72|58|60|73|66|60|37|30|24|13|9|1135|179|False|North
Jun 30, 2005|Thursday|8|2|8|7|12|25|82|106|91|68|78|89|74|94|78|77|71|107|81|50|34|35|27|14|1318|179|False|North
Jun 1, 2005|Wednesday|4|3|0|3|5|10|20|65|58|72|62|67|64|67|86|76|99|101|77|55|44|35|26|8|1107|179|False|South
Jun 2, 2005|Thursday|8|7|1|7|5|17|22|69|63|61|64|83|92|100|79|88|101|122|85|56|46|41|31|14|1262|179|False|South
Jun 3, 2005|Friday|6|5|2|8|7|8|18|54|64|49|60|71|71|95|94|94|122|145|114|88|60|46|46|31|1358|179|False|South
Jun 4, 2005|Saturday|12|7|8|4|2|5|10|32|41|62|72|71|80|86|106|84|84|68|70|56|61|48|50|30|1149|179|False|South
Jun 5, 2005|Sunday|16|4|6|5|2|8|8|14|24|30|61|80|83|83|71|78|75|82|65|61|45|29|26|13|969|179|False|South
Jun 6, 2005|Monday|3|5|3|7|5|14|23|62|62|65|77|63|75|74|78|85|100|95|89|45|45|35|24|17|1151|179|False|South
Jun 7, 2005|Tuesday|7|6|0|6|11|11|35|65|60|58|64|67|88|52|63|86|111|91|88|60|57|25|30|16|1157|179|False|South
Jun 8, 2005|Wednesday|11|8|2|5|5|12|23|61|77|71|62|66|76|77|98|86|107|125|77|71|40|34|26|10|1230|179|False|South
Jun 9, 2005|Thursday|8|3|1|7|6|15|34|64|68|69|62|64|76|89|93|91|112|132|107|73|44|47|27|13|1305|179|False|South
Jun 10, 2005|Friday|11|5|6|5|7|7|30|58|55|79|72|79|102|87|98|104|128|154|134|103|67|57|27|21|1496|179|False|South
Jun 11, 2005|Saturday|14|12|9|4|6|2|18|30|42|56|78|76|77|92|94|92|82|80|78|69|69|48|40|18|1186|179|False|South
Jun 12, 2005|Sunday|15|12|9|7|3|8|8|12|25|51|97|85|94|115|101|92|98|108|66|52|27|32|34|14|1165|179|False|South
Jun 13, 2005|Monday|9|6|4|4|3|16|27|58|65|79|63|72|70|83|62|95|110|110|69|41|29|36|21|10|1142|179|False|South
Jun 14, 2005|Tuesday|10|8|1|3|5|7|29|89|62|80|65|67|63|81|85|99|100|133|77|50|45|31|25|11|1226|179|False|South
Jun 15, 2005|Wednesday|10|6|2|3|6|15|19|62|74|74|62|60|89|68|70|70|98|113|99|50|41|44|21|14|1170|179|False|South
Jun 16, 2005|Thursday|7|6|4|7|3|14|29|67|77|66|70|81|61|80|95|83|124|146|83|53|51|42|39|8|1296|179|False|South
Jun 17, 2005|Friday|5|8|6|1|7|7|22|63|53|73|70|94|105|106|97|114|133|192|172|84|74|44|34|24|1588|179|False|South
Jun 18, 2005|Saturday|17|8|5|2|4|5|14|45|48|58|73|113|89|105|113|138|117|103|77|62|61|63|40|44|1404|179|False|South
Jun 19, 2005|Sunday|9|14|4|3|3|2|8|19|25|41|80|85|86|105|102|90|109|74|80|79|36|30|24|16|1124|179|False|South
Jun 20, 2005|Monday|8|3|5|3|8|5|24|81|65|49|61|68|86|81|62|95|109|127|61|46|42|52|24|10|1175|179|False|South
Jun 21, 2005|Tuesday|5|3|4|6|6|12|23|65|67|53|76|84|85|93|91|100|93|132|68|55|37|39|29|12|1238|179|False|South
Jun 22, 2005|Wednesday|7|9|1|2|15|9|22|69|63|60|71|90|78|87|88|78|106|121|87|50|40|46|36|10|1245|179|False|South
Jun 23, 2005|Thursday|17|7|5|7|10|7|18|76|61|62|64|61|68|78|87|85|103|125|82|53|48|43|34|12|1213|179|False|South
Jun 24, 2005|Friday|4|5|5|3|7|7|29|64|69|66|80|80|97|109|100|93|134|172|182|95|67|61|40|11|1580|179|False|South
Jun 25, 2005|Saturday|25|20|6|4|5|7|9|29|66|60|118|109|92|109|97|96|80|83|118|65|61|60|51|26|1396|179|False|South
Jun 26, 2005|Sunday|16|10|5|5|3|3|8|24|25|39|69|88|85|84|121|88|80|100|64|72|42|45|23|9|1108|179|False|South
Jun 27, 2005|Monday|6|1|5|7|8|12|28|57|64|67|62|69|94|60|75|84|114|126|71|54|45|50|25|19|1203|179|False|South
Jun 28, 2005|Tuesday|6|5|7|2|7|8|27|81|57|60|62|56|87|93|81|92|104|120|72|59|58|44|25|9|1222|179|False|South
Jun 29, 2005|Wednesday|11|7|3|4|5|10|17|60|55|62|63|63|84|82|91|81|104|132|73|48|34|42|15|9|1155|179|False|South
Jun 30, 2005|Thursday|9|4|0|9|7|11|36|83|78|57|64|61|58|85|101|112|104|140|87|79|63|52|26|13|1339|179|False|South
Jul 1, 2005|Friday|5|10|5|5|10|27|62|94|66|87|84|66|81|94|98|78|121|104|81|64|61|52|78|63|1496|179|False|North
Jul 2, 2005|Saturday|17|12|11|10|15|11|27|32|53|79|86|92|80|80|66|87|58|64|71|71|64|53|72|48|1259|179|False|North
Jul 3, 2005|Sunday|23|20|9|5|9|7|18|13|31|63|60|76|79|87|66|73|88|106|92|83|53|49|55|100|1265|179|False|North
Jul 4, 2005|Monday|44|15|11|3|8|10|14|11|27|53|56|86|65|70|90|89|121|120|123|91|90|68|75|46|1386|179|False|North
Jul 5, 2005|Tuesday|16|8|1|7|16|34|84|108|73|75|91|81|87|75|70|65|83|83|51|30|34|40|15|7|1234|179|False|North
Jul 6, 2005|Wednesday|6|3|4|6|13|28|70|96|85|73|87|95|72|66|70|63|55|87|63|48|33|50|17|13|1203|179|False|North
Jul 7, 2005|Thursday|5|4|5|5|10|31|79|96|82|69|66|63|61|70|83|74|78|76|51|47|45|51|36|14|1201|179|False|North
Jul 8, 2005|Friday|9|3|4|4|12|25|64|92|77|81|87|97|90|84|99|65|91|63|71|51|42|45|40|64|1360|179|False|North
Jul 9, 2005|Saturday|24|19|7|4|5|13|30|43|65|72|74|84|65|65|76|69|81|58|60|63|54|64|51|28|1174|179|False|North
Jul 10, 2005|Sunday|32|14|12|4|4|7|15|27|51|49|69|82|76|77|73|80|96|129|97|69|67|55|24|13|1222|179|False|North
Jul 11, 2005|Monday|6|8|4|8|12|44|96|114|83|74|62|86|86|67|65|62|81|64|63|27|24|32|16|8|1192|179|False|North
Jul 12, 2005|Tuesday|6|6|2|4|15|23|79|113|88|78|64|54|77|66|63|76|68|75|56|40|41|40|25|16|1175|179|False|North
Jul 13, 2005|Wednesday|6|3|6|2|19|25|70|103|95|64|71|58|80|68|79|81|90|85|70|54|30|36|20|7|1222|179|False|North
Jul 14, 2005|Thursday|11|6|4|3|17|26|83|92|88|81|63|71|62|68|93|66|89|69|59|39|46|54|30|11|1231|179|False|North
Jul 15, 2005|Friday|9|5|5|3|11|26|73|94|95|88|69|81|73|78|77|57|84|63|63|53|55|62|73|24|1321|179|False|North
Jul 16, 2005|Saturday|17|14|7|6|4|13|28|49|65|59|70|86|64|74|90|61|70|66|61|51|63|65|54|19|1156|179|False|North
Jul 17, 2005|Sunday|23|14|7|4|8|6|24|22|44|63|58|71|78|91|94|96|114|100|76|75|67|41|25|15|1216|179|False|North
Jul 18, 2005|Monday|6|5|6|6|17|35|81|92|79|75|73|81|73|56|59|71|75|62|55|36|38|36|24|15|1156|179|False|North
Jul 19, 2005|Tuesday|6|5|4|11|11|33|83|102|91|85|72|55|87|81|74|67|80|64|57|29|44|29|18|10|1198|179|False|North
Jul 20, 2005|Wednesday|3|4|6|6|13|31|83|105|65|71|77|59|69|61|65|59|103|72|53|65|50|39|20|9|1188|179|False|North
Jul 21, 2005|Thursday|4|3|1|7|12|28|92|107|78|75|93|84|56|80|77|79|83|84|60|36|43|40|31|15|1268|179|False|North
Jul 22, 2005|Friday|11|6|4|15|12|21|74|93|91|94|80|70|65|111|97|95|101|80|66|70|52|76|25|79|1488|179|False|North
Jul 23, 2005|Saturday|29|8|8|7|2|13|25|34|65|77|81|68|81|75|90|73|51|61|68|49|55|62|44|25|1151|179|False|North
Jul 24, 2005|Sunday|18|12|6|2|2|4|14|18|39|55|45|77|43|73|85|110|110|84|85|67|60|60|22|21|1112|179|False|North
Jul 25, 2005|Monday|9|9|7|5|14|34|86|110|91|70|83|88|87|70|77|86|75|65|47|28|30|30|12|4|1217|179|False|North
Jul 26, 2005|Tuesday|6|3|4|2|14|26|71|115|87|62|80|68|63|79|58|76|70|64|44|35|31|34|21|13|1126|179|False|North
Jul 27, 2005|Wednesday|4|5|9|5|13|27|87|111|75|78|87|75|60|68|81|70|71|85|55|46|53|46|38|17|1266|179|False|North
Jul 28, 2005|Thursday|4|3|5|7|14|20|81|112|79|92|72|91|79|78|75|85|89|71|66|46|35|49|34|18|1305|179|False|North
Jul 29, 2005|Friday|11|5|2|11|17|32|70|92|90|82|86|78|78|117|78|91|77|85|81|62|43|60|100|31|1479|179|False|North
Jul 30, 2005|Saturday|15|6|4|7|7|13|31|32|60|88|118|124|77|75|85|79|67|63|85|64|154|74|49|27|1404|179|False|North
Jul 31, 2005|Sunday|17|16|8|7|6|5|6|19|44|59|56|75|70|82|79|110|102|112|95|81|82|87|36|7|1261|179|False|North
Jul 1, 2005|Friday|6|10|6|8|5|5|20|59|46|79|73|114|109|104|105|119|138|159|189|113|73|52|75|27|1694|179|False|South
Jul 2, 2005|Saturday|14|12|6|4|2|8|14|23|36|59|94|104|129|122|129|119|120|103|80|66|65|37|58|28|1432|179|False|South
Jul 3, 2005|Sunday|12|8|6|1|3|2|5|15|25|48|100|121|141|118|102|131|92|106|111|62|46|39|25|20|1339|179|False|South
Jul 4, 2005|Monday|13|7|2|4|5|6|8|22|35|45|84|113|100|84|103|77|86|80|63|68|42|33|18|34|1132|179|False|South
Jul 5, 2005|Tuesday|13|9|4|9|10|21|21|61|60|62|74|77|89|77|81|84|99|152|80|62|43|36|25|10|1259|179|False|South
Jul 6, 2005|Wednesday|3|5|4|3|4|14|26|66|55|54|70|55|75|65|82|86|100|119|73|53|64|38|28|15|1157|179|False|South
Jul 7, 2005|Thursday|10|5|2|8|5|7|35|58|73|48|65|58|82|74|80|79|95|129|96|58|39|32|24|12|1174|179|False|South
Jul 8, 2005|Friday|4|5|2|5|8|5|29|48|61|60|64|95|89|98|87|116|120|141|174|95|56|54|54|37|1507|179|False|South
Jul 9, 2005|Saturday|15|6|6|4|3|7|19|31|39|76|68|64|118|103|87|80|90|77|72|57|48|40|45|36|1191|179|False|South
Jul 10, 2005|Sunday|16|14|5|2|3|4|12|23|25|44|62|90|105|104|95|92|77|94|80|53|53|39|33|30|1155|179|False|South
Jul 11, 2005|Monday|12|2|4|3|8|17|20|61|56|69|61|62|94|79|98|65|121|125|64|46|37|29|19|9|1161|179|False|South
Jul 12, 2005|Tuesday|8|3|0|4|3|10|22|66|51|63|57|67|63|62|80|90|99|124|88|52|67|33|29|9|1150|179|False|South
Jul 13, 2005|Wednesday|8|1|0|5|5|13|28|60|59|54|76|59|83|87|80|89|107|116|86|74|37|50|25|15|1217|179|False|South
Jul 14, 2005|Thursday|11|4|2|10|5|10|35|77|51|50|77|79|95|85|77|104|97|119|109|50|47|37|34|10|1275|179|False|South
Jul 15, 2005|Friday|10|10|3|3|7|11|25|61|50|65|76|93|94|109|98|97|121|160|166|100|62|41|37|24|1523|179|False|South
Jul 16, 2005|Saturday|21|12|5|3|1|6|21|32|38|53|70|85|85|112|110|112|85|100|59|64|41|39|35|47|1236|179|False|South
Jul 17, 2005|Sunday|18|14|4|5|3|4|9|22|28|54|77|70|72|82|109|89|96|70|75|55|42|40|22|14|1074|179|False|South
Jul 18, 2005|Monday|8|1|3|6|12|16|32|71|72|71|56|57|78|67|82|81|105|126|66|43|34|35|30|14|1166|179|False|South
Jul 19, 2005|Tuesday|8|4|2|5|12|12|25|72|63|62|54|73|72|75|80|97|108|127|81|54|43|28|28|14|1199|179|False|South
Jul 20, 2005|Wednesday|4|7|3|7|7|15|34|66|60|58|60|64|60|70|113|88|96|104|74|63|33|41|21|11|1159|179|False|South
Jul 21, 2005|Thursday|8|1|7|8|3|9|20|71|59|59|52|65|60|81|87|89|123|123|88|67|50|48|28|16|1222|179|False|South
Jul 22, 2005|Friday|11|7|3|5|10|14|26|61|71|62|68|87|90|98|109|93|129|168|183|95|62|46|34|22|1554|179|False|South
Jul 23, 2005|Saturday|11|9|2|1|2|7|15|30|33|70|71|110|73|103|90|85|96|92|59|58|40|49|35|33|1174|179|False|South
Jul 24, 2005|Sunday|16|8|3|8|1|2|10|12|24|28|58|86|83|125|87|95|77|73|82|55|39|48|31|17|1068|179|False|South
Jul 25, 2005|Monday|5|2|1|4|12|16|32|65|66|86|83|79|100|74|78|95|105|116|69|40|37|25|19|8|1217|179|False|South
Jul 26, 2005|Tuesday|5|4|1|2|4|9|33|70|57|59|60|73|69|67|67|91|106|125|74|44|44|39|22|19|1144|179|False|South
Jul 27, 2005|Wednesday|6|10|4|4|6|8|34|66|75|62|55|70|87|93|98|99|124|165|93|40|41|56|25|11|1332|179|False|South
Jul 28, 2005|Thursday|8|3|5|6|4|8|28|68|65|71|63|74|71|74|92|98|99|143|65|65|44|57|30|14|1255|179|False|South
Jul 29, 2005|Friday|11|12|5|5|11|4|29|47|58|76|83|73|96|101|112|123|120|172|188|106|66|49|30|21|1598|179|False|South
Jul 30, 2005|Saturday|8|7|1|7|0|3|9|20|49|61|88|74|88|100|96|98|112|83|70|60|56|48|46|26|1210|179|False|South
Jul 31, 2005|Sunday|26|14|5|6|3|5|5|16|18|53|74|89|73|94|102|97|87|98|74|66|35|41|25|17|1123|179|False|South
Aug 1, 2005|Monday|8|6|7|12|14|31|75|103|102|78|83|92|81|64|72|74|66|72|66|40|38|30|14|7|1235|179|False|North
Aug 2, 2005|Tuesday|8|6|5|6|14|34|75|100|83|71|68|81|80|69|64|84|67|69|58|34|33|37|18|4|1168|179|False|North
Aug 3, 2005|Wednesday|5|1|5|4|13|34|75|114|89|77|62|64|78|65|77|75|78|75|48|46|43|24|27|7|1186|179|False|North
Aug 4, 2005|Thursday|4|5|3|2|12|35|82|101|92|73|78|73|61|71|88|74|75|77|89|44|48|52|29|22|1290|179|False|North
Aug 5, 2005|Friday|6|2|4|3|7|26|65|107|87|84|75|79|87|97|85|83|69|79|73|56|62|57|87|40|1420|179|False|North
Aug 6, 2005|Saturday|12|17|5|5|6|5|25|32|67|78|107|91|63|73|71|80|68|42|61|58|51|55|42|31|1145|179|False|North
Aug 7, 2005|Sunday|19|18|3|4|4|1|17|17|56|52|55|86|74|77|80|119|115|91|83|74|62|55|30|13|1205|179|False|North
Aug 8, 2005|Monday|14|6|3|9|12|34|91|115|80|94|84|71|62|78|64|71|69|76|52|39|35|21|19|15|1214|179|False|North
Aug 9, 2005|Tuesday|8|4|4|5|10|28|74|102|89|86|124|71|120|91|76|75|77|63|62|36|32|28|14|12|1291|179|False|North
Aug 10, 2005|Wednesday|2|2|3|9|16|28|64|92|83|71|71|84|56|67|68|76|71|67|50|51|37|30|19|17|1134|179|False|North
Aug 11, 2005|Thursday|6|5|4|7|12|27|70|106|91|79|88|84|102|79|81|90|85|90|67|34|46|40|27|16|1336|179|False|North
Aug 12, 2005|Friday|4|6|4|6|14|29|73|92|91|82|106|81|89|96|90|94|83|80|78|58|56|24|72|33|1441|179|False|North
Aug 13, 2005|Saturday|13|3|4|2|9|13|27|40|43|81|102|82|73|65|72|48|50|49|59|39|56|56|38|19|1043|179|False|North
Aug 14, 2005|Sunday|19|8|2|3|2|3|26|27|49|54|64|97|87|60|60|71|93|74|74|79|54|55|22|11|1094|179|False|North
Aug 15, 2005|Monday|11|2|6|8|18|35|88|118|98|65|87|75|78|80|82|91|71|68|51|48|39|31|18|5|1273|179|False|North
Aug 16, 2005|Tuesday|7|3|4|2|13|37|69|104|78|79|78|66|86|77|72|76|77|60|63|41|39|30|17|9|1187|179|False|North
Aug 17, 2005|Wednesday|6|4|5|3|9|36|63|125|96|87|70|79|63|64|81|84|61|64|59|49|53|36|27|17|1241|179|False|North
Aug 18, 2005|Thursday|17|9|6|7|13|23|69|110|111|63|84|77|95|85|73|70|81|93|72|45|75|64|36|30|1408|179|False|North
Aug 19, 2005|Friday|6|10|8|5|18|27|58|116|92|62|81|102|84|91|80|87|63|74|76|68|78|58|90|69|1503|179|False|North
Aug 20, 2005|Saturday|31|15|10|4|11|7|30|39|52|68|76|73|61|41|66|67|70|60|59|52|53|79|71|49|1144|179|False|North
Aug 21, 2005|Sunday|24|25|20|5|8|5|10|20|38|60|61|109|92|92|110|92|119|98|121|84|70|60|29|20|1372|179|False|North
Aug 22, 2005|Monday|8|6|3|10|12|29|82|112|97|93|72|81|75|95|55|71|70|70|60|42|40|24|14|10|1231|179|False|North
Aug 23, 2005|Tuesday|7|5|2|6|12|34|80|115|110|87|61|74|73|70|60|80|84|79|44|37|36|22|18|7|1203|179|False|North
Aug 24, 2005|Wednesday|12|0|7|7|13|32|67|122|106|72|69|64|69|63|70|55|71|85|58|35|42|24|18|9|1170|179|False|North
Aug 25, 2005|Thursday|5|1|7|4|8|27|70|91|121|84|63|69|72|73|75|50|96|71|69|36|40|35|22|15|1204|179|False|North
Aug 26, 2005|Friday|5|4|3|8|15|29|71|86|79|71|75|65|56|89|74|80|89|84|56|50|31|40|83|30|1273|179|False|North
Aug 27, 2005|Saturday|14|12|3|6|10|11|18|35|47|64|81|83|86|73|65|68|84|62|58|47|67|75|52|24|1145|179|False|North
Aug 28, 2005|Sunday|12|7|4|3|5|3|14|21|53|60|65|117|64|69|78|86|78|81|90|63|63|66|23|11|1136|179|False|North
Aug 29, 2005|Monday|8|5|6|6|15|33|86|107|103|77|81|78|58|66|71|51|75|61|49|30|32|45|20|4|1167|179|False|North
Aug 30, 2005|Tuesday|3|6|6|4|13|26|73|110|117|65|66|70|56|62|64|63|64|60|49|26|38|57|14|9|1121|179|False|North
Aug 31, 2005|Wednesday|4|4|2|5|10|30|74|100|88|80|71|72|54|52|66|71|62|62|45|38|26|30|10|7|1063|179|False|North
Aug 1, 2005|Monday|7|4|1|4|8|11|31|77|57|71|60|58|73|71|74|95|113|112|95|51|36|29|20|16|1174|179|False|South
Aug 2, 2005|Tuesday|10|8|4|4|11|13|36|82|62|93|53|64|71|90|78|90|101|105|67|48|46|32|33|17|1218|179|False|South
Aug 3, 2005|Wednesday|11|3|3|1|6|8|30|65|72|69|66|57|65|64|83|83|97|117|81|65|37|39|24|10|1156|179|False|South
Aug 4, 2005|Thursday|7|5|6|5|6|14|37|48|49|42|64|63|83|95|71|98|114|107|103|67|46|68|27|11|1236|179|False|South
Aug 5, 2005|Friday|7|8|5|4|11|8|41|56|61|78|73|102|87|102|81|106|109|163|178|95|67|65|32|29|1568|179|False|South
Aug 6, 2005|Saturday|10|5|7|1|7|6|17|32|37|65|99|90|97|121|89|109|81|71|57|50|43|44|40|30|1208|179|False|South
Aug 7, 2005|Sunday|14|18|3|7|2|0|8|23|29|50|82|83|75|77|116|94|106|78|91|72|45|30|16|12|1131|179|False|South
Aug 8, 2005|Monday|9|3|3|2|13|20|23|60|67|60|66|69|61|94|105|82|112|111|65|36|48|41|26|10|1186|179|False|South
Aug 9, 2005|Tuesday|5|5|4|1|9|12|39|62|55|48|71|131|77|112|106|88|88|121|65|52|39|36|28|14|1268|179|False|South
Aug 10, 2005|Wednesday|6|4|3|2|13|16|30|65|59|60|86|59|55|66|102|81|97|122|73|54|23|38|25|11|1150|179|False|South
Aug 11, 2005|Thursday|10|4|2|11|6|17|18|70|61|53|65|84|66|87|91|91|120|101|73|62|56|41|40|23|1252|179|False|South
Aug 12, 2005|Friday|11|12|7|6|7|10|30|60|61|62|70|107|85|92|99|113|130|125|129|94|41|57|44|32|1484|179|False|South
Aug 13, 2005|Saturday|11|9|4|2|1|7|14|24|40|58|61|82|100|72|83|94|82|99|58|65|42|52|42|21|1123|179|False|South
Aug 14, 2005|Sunday|15|13|11|6|2|3|4|20|28|41|66|64|61|74|90|112|98|92|72|54|56|57|26|19|1084|179|False|South
Aug 15, 2005|Monday|7|3|7|9|11|21|29|78|85|63|70|71|60|88|86|90|107|128|91|51|41|38|39|17|1290|179|False|South
Aug 16, 2005|Tuesday|8|4|1|6|11|6|23|73|71|51|61|55|72|66|82|92|93|124|82|45|42|57|23|11|1159|179|False|South
Aug 17, 2005|Wednesday|8|3|3|5|5|16|19|75|82|61|63|82|69|68|75|100|121|131|104|60|36|41|23|14|1264|179|False|South
Aug 18, 2005|Thursday|11|6|11|4|10|13|31|67|72|63|80|71|68|88|77|97|118|152|125|60|51|36|30|19|1360|179|False|South
Aug 19, 2005|Friday|10|8|9|14|10|14|26|67|74|74|83|79|96|73|101|120|146|195|172|113|67|45|22|17|1635|179|False|South
Aug 20, 2005|Saturday|11|12|7|2|4|3|17|21|49|48|64|113|137|85|114|88|85|110|88|57|54|54|21|31|1275|179|False|South
Aug 21, 2005|Sunday|15|9|3|3|1|1|6|20|25|42|92|97|95|108|98|87|101|88|69|48|38|34|30|13|1123|179|False|South
Aug 22, 2005|Monday|3|2|1|6|12|13|30|75|63|58|66|84|75|59|79|103|121|125|72|45|29|37|30|13|1201|179|False|South
Aug 23, 2005|Tuesday|7|1|2|3|9|12|20|74|60|64|64|59|75|88|79|106|113|131|79|56|48|30|18|9|1207|179|False|South
Aug 24, 2005|Wednesday|9|5|2|3|7|18|28|71|67|58|64|52|66|66|88|77|118|122|81|54|39|35|14|10|1154|179|False|South
Aug 25, 2005|Thursday|7|1|5|11|9|16|19|77|84|69|58|73|66|82|89|88|87|121|80|56|31|38|23|10|1200|179|False|South
Aug 26, 2005|Friday|6|2|3|6|11|8|27|59|62|53|51|79|102|93|110|107|130|166|189|95|57|42|33|18|1509|179|False|South
Aug 27, 2005|Saturday|11|5|3|1|5|6|10|26|51|65|62|66|72|72|82|66|103|98|112|60|39|36|29|36|1116|179|False|South
Aug 28, 2005|Sunday|18|12|8|3|1|5|3|24|21|34|73|69|57|81|89|95|96|94|68|59|42|37|21|15|1025|179|False|South
Aug 29, 2005|Monday|6|1|1|3|10|20|26|61|62|57|62|75|47|60|74|72|81|109|88|50|45|30|15|8|1063|179|False|South
Aug 30, 2005|Tuesday|4|2|5|7|9|15|38|58|54|54|50|46|60|82|68|104|101|129|93|34|55|27|22|9|1126|179|False|South
Aug 31, 2005|Wednesday|7|1|6|4|7|11|26|50|66|59|67|50|68|64|75|74|95|107|74|48|55|31|24|14|1083|179|False|South
Sep 1, 2005|Thursday|6|4|3|7|7|34|80|105|96|71|66|70|65|78|69|74|61|74|58|46|26|30|19|6|1155|179|False|North
Sep 2, 2005|Friday|5|8|5|8|8|19|62|95|66|70|60|70|78|71|60|74|83|67|73|63|52|33|49|42|1221|179|False|North
Sep 3, 2005|Saturday|27|9|5|3|8|15|15|26|44|74|59|76|66|80|56|81|80|96|50|63|66|60|42|41|1142|179|False|North
Sep 4, 2005|Sunday|32|21|5|1|7|2|9|25|32|45|61|71|71|62|45|65|66|81|58|64|51|49|40|25|988|179|False|North
Sep 5, 2005|Monday|16|33|13|10|2|6|20|22|36|48|64|96|120|84|78|102|91|100|78|67|70|56|10|11|1233|179|False|North
Sep 6, 2005|Tuesday|3|2|3|3|8|27|84|108|93|82|58|79|65|73|63|61|63|68|49|42|32|18|17|7|1108|179|False|North
Sep 7, 2005|Wednesday|6|6|3|3|12|22|66|115|85|66|67|67|67|63|71|68|65|59|50|35|25|14|14|5|1054|179|False|North
Sep 8, 2005|Thursday|5|2|3|6|9|23|66|112|88|79|69|67|74|69|63|67|75|76|53|41|31|53|20|7|1158|179|False|North
Sep 9, 2005|Friday|3|4|4|2|9|22|67|113|71|70|75|85|93|130|102|109|108|105|93|63|64|65|40|26|1523|179|False|North
Sep 10, 2005|Saturday|7|7|5|9|6|12|27|30|54|53|57|76|84|111|114|72|66|54|66|45|31|40|24|18|1068|179|False|North
Sep 11, 2005|Sunday|7|5|8|2|5|6|15|11|26|41|58|58|71|52|55|73|79|63|62|73|45|31|25|10|881|179|False|North
Sep 12, 2005|Monday|6|6|7|7|12|25|76|114|95|72|75|66|65|64|76|71|90|70|46|34|28|18|9|6|1138|179|False|North
Sep 13, 2005|Tuesday|5|2|0|7|11|27|83|113|92|61|67|50|58|81|50|67|66|72|48|40|30|19|9|9|1067|179|False|North
Sep 14, 2005|Wednesday|0|2|2|2|10|22|86|101|67|64|55|53|62|50|64|66|61|68|53|48|40|26|11|5|1018|179|False|North
Sep 15, 2005|Thursday|6|3|3|4|7|20|82|105|69|63|75|55|54|45|63|74|86|66|65|48|33|29|23|5|1083|179|False|North
Sep 16, 2005|Friday|11|5|6|9|9|30|67|100|66|66|64|51|68|75|62|82|66|122|86|51|40|48|12|20|1216|179|False|North
Sep 17, 2005|Saturday|4|6|5|4|8|13|34|28|46|65|70|68|71|91|84|92|98|76|64|56|55|47|23|18|1126|179|False|North
Sep 18, 2005|Sunday|11|12|2|3|3|1|11|18|23|36|56|85|69|51|77|83|103|83|97|81|56|35|32|11|1039|179|False|North
Sep 19, 2005|Monday|3|4|3|9|7|31|82|114|79|63|61|85|62|63|67|64|91|61|48|34|34|20|10|5|1100|179|False|North
Sep 20, 2005|Tuesday|4|4|4|8|10|29|77|119|98|60|70|58|59|65|62|59|76|60|50|39|29|18|11|7|1076|179|False|North
Sep 21, 2005|Wednesday|6|5|4|5|12|22|78|119|109|76|82|60|58|72|65|62|78|56|39|29|28|25|10|12|1112|179|False|North
Sep 22, 2005|Thursday|7|1|4|6|10|16|83|107|105|77|92|67|76|58|62|64|77|63|63|49|36|30|24|8|1185|179|False|North
Sep 23, 2005|Friday|6|2|4|6|8|24|62|107|76|61|81|75|64|65|67|84|95|78|116|53|47|35|18|21|1255|179|False|North
Sep 24, 2005|Saturday|17|12|4|6|5|13|23|31|59|58|60|77|72|80|73|68|64|60|53|46|36|28|28|20|993|179|False|North
Sep 25, 2005|Sunday|7|24|1|3|6|4|8|13|38|55|53|67|61|60|48|55|77|73|52|70|43|27|14|10|869|179|False|North
Sep 26, 2005|Monday|4|5|8|3|9|29|78|116|71|81|67|68|57|61|70|82|59|54|63|30|25|17|14|11|1082|179|False|North
Sep 27, 2005|Tuesday|2|3|3|7|10|30|76|107|105|78|88|64|52|66|70|75|69|49|54|34|18|26|16|6|1108|179|False|North
Sep 28, 2005|Wednesday|4|3|4|5|11|22|66|120|72|62|68|64|48|53|62|60|71|63|53|32|26|25|11|15|1020|179|False|North
Sep 29, 2005|Thursday|3|3|5|3|11|27|72|107|94|71|77|81|54|73|73|77|74|71|56|45|31|20|11|5|1144|179|False|North
Sep 30, 2005|Friday|4|2|2|5|9|25|67|108|73|57|67|79|60|62|68|76|64|73|82|69|40|24|42|13|1171|179|False|North
Sep 1, 2005|Thursday|4|5|0|6|11|13|24|47|54|58|57|51|63|50|67|95|113|127|74|55|64|32|32|19|1121|179|False|South
Sep 2, 2005|Friday|5|4|6|8|6|6|17|54|36|47|52|73|75|94|107|109|141|194|172|102|58|52|32|24|1474|179|False|South
Sep 3, 2005|Saturday|12|4|3|2|7|8|7|15|48|47|63|89|101|94|105|88|107|146|97|48|64|43|37|29|1264|179|False|South
Sep 4, 2005|Sunday|16|14|4|1|1|7|5|13|25|40|63|73|74|92|97|91|81|93|60|67|54|56|39|26|1092|179|False|South
Sep 5, 2005|Monday|14|3|8|7|3|7|7|17|22|31|53|63|48|70|104|118|63|89|52|59|22|21|17|7|905|179|False|South
Sep 6, 2005|Tuesday|7|3|1|3|8|14|33|66|57|56|70|60|73|75|77|70|103|116|76|67|39|27|25|10|1136|179|False|South
Sep 7, 2005|Wednesday|5|6|5|2|7|10|24|37|74|65|59|59|54|73|78|78|105|117|79|38|40|32|20|17|1084|179|False|South
Sep 8, 2005|Thursday|2|6|3|9|5|12|22|63|68|59|53|64|74|74|85|109|110|107|82|43|43|31|21|12|1157|179|False|South
Sep 9, 2005|Friday|6|7|6|6|8|20|30|65|116|110|86|87|88|109|95|111|140|173|127|65|60|28|57|27|1627|179|False|South
Sep 10, 2005|Saturday|19|5|2|2|3|9|8|26|78|115|80|95|74|68|80|92|76|70|61|29|40|30|24|31|1117|179|False|South
Sep 11, 2005|Sunday|12|5|3|3|5|4|8|14|27|30|46|57|47|51|65|52|71|72|66|41|46|32|11|8|776|179|False|South
Sep 12, 2005|Monday|9|2|3|8|12|21|24|54|46|57|68|52|74|73|74|83|127|127|85|52|31|38|11|7|1138|179|False|South
Sep 13, 2005|Tuesday|5|2|2|3|9|13|13|55|68|60|68|48|51|65|67|88|98|106|80|40|45|28|19|9|1042|179|False|South
Sep 14, 2005|Wednesday|4|1|1|4|8|11|26|59|66|74|48|45|60|59|72|75|92|134|67|53|32|25|27|9|1052|179|False|South
Sep 15, 2005|Thursday|8|2|1|7|6|13|24|79|68|42|51|46|65|58|68|81|108|115|69|52|43|33|18|12|1069|179|False|South
Sep 16, 2005|Friday|7|7|6|7|8|13|28|67|56|66|68|63|85|74|88|119|129|145|107|68|61|54|54|39|1419|179|False|South
Sep 17, 2005|Saturday|10|3|4|3|3|8|24|37|64|86|70|66|75|80|87|78|69|70|59|37|44|44|36|59|1116|179|False|South
Sep 18, 2005|Sunday|55|14|5|2|2|3|7|15|20|37|53|58|63|70|62|64|83|69|53|54|37|30|27|13|896|179|False|South
Sep 19, 2005|Monday|6|3|1|1|10|13|31|47|62|51|46|64|59|57|73|93|112|110|98|53|39|24|24|7|1084|179|False|South
Sep 20, 2005|Tuesday|10|7|3|6|8|14|30|62|76|71|63|57|49|67|73|83|101|115|86|37|43|35|16|11|1123|179|False|South
Sep 21, 2005|Wednesday|2|5|1|6|10|17|36|53|56|64|47|66|62|78|66|111|105|122|66|44|36|37|17|9|1116|179|False|South
Sep 22, 2005|Thursday|6|6|4|4|9|13|35|65|83|64|42|59|50|61|89|87|107|123|77|58|61|23|23|12|1161|179|False|South
Sep 23, 2005|Friday|6|4|4|7|8|9|35|66|64|58|54|55|73|74|100|111|131|129|81|58|59|77|66|27|1356|179|False|South
Sep 24, 2005|Saturday|12|10|7|3|3|10|15|16|37|35|55|73|96|63|90|83|65|101|54|56|27|35|26|28|1000|179|False|South
Sep 25, 2005|Sunday|13|9|3|11|3|5|11|15|27|36|42|56|65|59|73|72|81|53|56|50|37|20|20|10|827|179|False|South
Sep 26, 2005|Monday|4|2|4|5|9|14|37|58|63|59|58|62|63|62|62|84|102|125|60|40|26|31|18|11|1059|179|False|South
Sep 27, 2005|Tuesday|2|2|6|5|10|9|29|64|66|52|47|70|65|61|59|76|107|107|77|47|41|28|12|8|1050|179|False|South
Sep 28, 2005|Wednesday|5|3|2|5|11|12|19|51|50|48|41|60|60|61|72|71|106|109|66|49|35|22|29|14|1001|179|False|South
Sep 29, 2005|Thursday|7|4|2|4|10|11|27|65|50|60|66|65|68|69|78|77|106|96|73|43|49|34|21|10|1095|179|False|South
Sep 30, 2005|Friday|3|9|4|6|9|15|32|62|58|50|53|66|65|83|96|101|130|144|110|67|58|65|36|21|1343|179|False|South
Oct 1, 2005|Saturday|12|5|5|2|5|12|28|30|56|77|75|58|60|60|60|66|66|49|57|47|48|40|20|13|951|179|False|North
Oct 2, 2005|Sunday|7|14|4|3|1|7|10|17|43|43|52|72|86|67|67|91|91|89|76|57|56|37|20|16|1026|179|False|North
Oct 3, 2005|Monday|5|4|3|5|9|30|74|112|76|68|44|70|45|59|56|52|70|48|40|37|29|33|17|6|992|179|False|North
Oct 4, 2005|Tuesday|2|5|2|2|11|25|70|93|92|61|64|60|62|50|65|62|62|64|39|39|22|18|14|1|985|179|False|North
Oct 5, 2005|Wednesday|6|4|5|5|13|23|65|95|91|84|48|66|45|63|65|67|52|77|40|31|30|23|10|4|1012|179|False|North
Oct 6, 2005|Thursday|4|3|4|3|13|24|68|107|87|48|71|72|60|82|66|66|79|66|47|32|24|22|15|9|1072|179|False|North
Oct 7, 2005|Friday|9|5|5|5|14|24|64|99|68|52|79|65|56|78|61|75|78|98|102|49|33|60|31|19|1229|179|False|North
Oct 8, 2005|Saturday|9|6|3|1|9|12|25|40|58|66|78|65|53|65|47|59|50|53|49|61|39|28|22|13|911|179|False|North
Oct 9, 2005|Sunday|13|15|11|4|5|4|13|19|37|32|34|76|68|59|82|99|102|85|68|72|47|30|17|11|1003|179|False|North
Oct 10, 2005|Monday|4|2|4|10|9|27|75|115|81|69|62|74|58|71|73|88|58|53|51|36|33|29|7|7|1096|179|False|North
Oct 11, 2005|Tuesday|8|2|2|4|13|28|68|94|95|79|61|64|54|61|56|49|69|54|53|44|27|14|11|8|1018|179|False|North
Oct 12, 2005|Wednesday|7|1|2|3|10|30|68|117|76|65|71|70|65|57|75|68|63|65|53|23|26|26|10|6|1057|179|False|North
Oct 13, 2005|Thursday|0|3|2|4|16|23|87|122|83|70|57|54|65|60|66|59|72|98|69|40|32|42|28|12|1164|179|False|North
Oct 14, 2005|Friday|4|1|3|4|10|25|67|96|67|66|66|64|59|69|74|74|74|81|77|50|36|36|35|20|1158|179|True|North
Oct 15, 2005|Saturday|14|13|4|3|8|10|29|40|54|58|65|65|62|63|59|64|61|56|51|46|38|32|22|17|934|179|True|North
Oct 16, 2005|Sunday|14|9|3|2|3|7|8|13|39|33|42|54|62|61|64|72|73|81|63|64|41|28|18|9|863|179|True|North
Oct 17, 2005|Monday|5|3|2|8|9|26|77|96|71|58|63|47|63|67|49|59|73|63|43|44|52|21|17|7|1023|179|False|North
Oct 18, 2005|Tuesday|5|4|1|4|12|22|72|110|95|58|85|60|66|64|66|81|90|84|68|53|41|23|21|14|1199|179|False|North
Oct 19, 2005|Wednesday|10|1|7|2|10|23|59|97|90|48|56|56|61|66|55|59|96|92|118|51|25|22|51|9|1164|179|False|North
Oct 20, 2005|Thursday|3|5|3|5|6|26|71|93|87|84|67|74|74|59|67|52|78|68|66|40|38|27|12|10|1115|179|False|North
Oct 21, 2005|Friday|2|5|2|4|6|19|62|102|69|61|70|50|71|72|62|74|79|79|78|52|48|34|24|10|1135|179|False|North
Oct 22, 2005|Saturday|10|6|6|1|4|10|22|24|49|59|65|67|56|61|72|78|46|65|57|53|37|37|31|21|937|179|False|North
Oct 23, 2005|Sunday|18|9|5|2|5|8|13|13|27|78|40|58|60|70|69|60|95|71|72|54|46|34|21|8|936|179|False|North
Oct 24, 2005|Monday|6|6|4|3|14|23|82|108|82|65|66|74|56|61|31|65|75|64|46|31|29|17|13|7|1028|179|False|North
Oct 25, 2005|Tuesday|4|4|5|4|11|25|72|98|78|66|56|46|62|55|58|60|57|69|44|33|23|61|30|12|1033|179|False|North
Oct 26, 2005|Wednesday|3|1|4|4|11|22|66|114|85|59|62|54|55|65|57|73|62|52|46|36|34|32|11|8|1016|179|False|North
Oct 27, 2005|Thursday|6|5|2|7|6|21|72|103|80|76|54|54|67|50|56|70|77|72|61|27|26|27|17|7|1043|179|False|North
Oct 28, 2005|Friday|5|7|2|6|5|20|63|101|63|64|48|65|63|65|69|71|69|82|66|55|41|33|20|8|1091|179|False|North
Oct 29, 2005|Saturday|10|5|4|6|3|12|14|28|58|55|69|65|81|56|71|56|58|56|71|65|38|45|21|14|961|179|False|North
Oct 30, 2005|Sunday|8|19|6|4|4|4|4|21|51|38|46|61|57|74|69|82|84|70|59|56|49|17|14|9|906|179|False|North
Oct 31, 2005|Monday|4|4|8|10|15|29|80|103|76|56|62|67|54|62|55|53|45|68|48|27|19|17|6|6|974|179|False|North
Oct 1, 2005|Saturday|12|5|2|2|2|8|20|37|39|51|47|75|59|82|87|73|82|56|75|66|26|39|24|23|992|179|False|South
Oct 2, 2005|Sunday|11|12|6|2|6|7|16|18|24|52|57|61|73|91|67|64|65|56|60|67|30|24|14|9|892|179|False|South
Oct 3, 2005|Monday|2|1|3|4|14|11|29|62|40|45|59|48|42|64|60|63|107|102|75|60|29|25|23|11|979|179|False|South
Oct 4, 2005|Tuesday|7|5|0|4|10|12|21|63|61|59|57|64|48|53|75|80|91|117|68|46|26|35|19|9|1030|179|False|South
Oct 5, 2005|Wednesday|5|1|3|5|6|11|18|48|65|60|48|54|57|60|71|79|86|119|76|47|37|34|16|11|1017|179|False|South
Oct 6, 2005|Thursday|9|1|3|6|4|13|31|61|66|41|55|57|68|65|80|77|87|110|68|49|38|29|32|8|1058|179|False|South
Oct 7, 2005|Friday|6|6|0|4|11|12|23|48|53|52|48|56|64|70|88|109|119|146|130|74|50|75|40|13|1297|179|False|South
Oct 8, 2005|Saturday|9|6|2|4|4|5|18|26|41|47|60|67|73|77|77|71|60|62|60|58|51|31|25|14|948|179|False|South
Oct 9, 2005|Sunday|13|10|3|2|3|5|6|18|26|39|56|65|63|81|70|71|91|85|62|48|36|28|12|9|902|179|False|South
Oct 10, 2005|Monday|4|2|0|4|7|11|34|56|62|52|55|46|75|102|57|68|112|106|78|56|37|35|16|13|1088|179|False|South
Oct 11, 2005|Tuesday|6|5|6|4|6|10|18|64|60|52|40|51|59|61|62|84|101|108|58|39|30|39|19|18|1000|179|False|South
Oct 12, 2005|Wednesday|3|3|4|4|9|12|29|55|61|46|51|63|63|61|85|95|101|105|79|44|36|39|18|10|1076|179|False|South
Oct 13, 2005|Thursday|6|4|3|6|7|6|30|52|64|52|39|60|49|79|77|92|96|125|73|53|59|32|51|15|1130|179|False|South
Oct 14, 2005|Friday|9|7|3|7|8|7|24|54|57|56|62|73|78|92|106|101|114|134|98|68|52|53|34|19|1316|179|True|South
Oct 15, 2005|Saturday|12|8|4|3|5|5|19|37|45|51|64|65|71|74|75|67|77|65|55|53|37|36|26|21|975|179|True|South
Oct 16, 2005|Sunday|13|11|6|5|3|4|6|14|22|35|52|62|57|59|57|67|75|67|61|53|33|25|14|9|810|179|True|South
Oct 17, 2005|Monday|12|3|3|5|9|15|36|46|52|60|50|57|57|64|71|75|80|119|81|57|23|25|14|11|1025|179|False|South
Oct 18, 2005|Tuesday|2|1|3|7|6|10|30|63|71|63|59|75|67|65|75|57|110|99|70|54|44|44|17|10|1102|179|False|South
Oct 19, 2005|Wednesday|6|2|1|2|9|6|30|52|63|63|42|54|60|55|77|73|104|122|95|49|33|97|65|23|1183|179|False|South
Oct 20, 2005|Thursday|6|3|4|4|7|15|31|66|63|53|57|67|78|61|56|100|91|117|79|61|49|25|34|13|1140|179|False|South
Oct 21, 2005|Friday|6|6|3|3|8|8|29|53|51|64|66|75|76|72|86|99|114|127|78|61|53|37|27|21|1223|179|False|South
Oct 22, 2005|Saturday|7|5|6|1|4|9|12|33|34|49|44|68|76|68|98|61|73|81|69|41|34|33|20|25|951|179|False|South
Oct 23, 2005|Sunday|9|20|6|6|1|1|10|10|27|35|49|79|76|59|65|68|58|75|66|47|33|35|22|6|863|179|False|South
Oct 24, 2005|Monday|2|2|4|4|7|8|34|65|56|63|53|49|49|74|68|72|92|103|80|50|34|25|17|13|1024|179|False|South
Oct 25, 2005|Tuesday|0|5|2|5|7|11|26|70|52|69|48|64|59|61|67|76|100|106|109|59|33|29|18|17|1093|179|False|South
Oct 26, 2005|Wednesday|7|6|2|4|7|7|27|58|67|55|44|48|55|66|52|75|102|96|67|58|37|34|14|7|995|179|False|South
Oct 27, 2005|Thursday|5|3|8|3|5|8|18|69|61|45|64|59|72|61|94|96|100|104|60|60|37|31|20|11|1094|179|False|South
Oct 28, 2005|Friday|4|3|7|7|10|17|23|42|44|53|66|45|60|76|107|100|118|137|99|57|37|50|36|20|1218|179|False|South
Oct 29, 2005|Saturday|6|3|6|3|4|8|14|25|40|51|59|55|62|69|77|66|74|82|68|47|53|37|40|22|971|179|False|South
Oct 30, 2005|Sunday|11|27|3|1|1|2|8|16|30|52|74|53|57|52|56|89|84|69|69|47|30|24|12|7|874|179|False|South
Oct 31, 2005|Monday|3|3|3|2|7|11|32|62|39|42|54|42|48|60|90|73|105|98|51|42|28|16|21|10|942|179|False|South
Nov 1, 2005|Tuesday|4|1|4|4|8|29|83|88|107|69|69|66|55|65|61|55|69|75|52|33|22|18|15|12|1064|179|False|North
Nov 2, 2005|Wednesday|4|4|2|2|9|25|75|103|89|83|65|72|65|66|54|94|58|81|51|30|28|19|10|11|1100|179|False|North
Nov 3, 2005|Thursday|3|3|3|5|6|39|70|120|105|68|70|64|76|65|82|66|83|71|49|36|31|23|19|16|1173|179|False|North
Nov 4, 2005|Friday|7|4|9|7|10|28|67|115|87|72|71|62|77|89|74|74|71|87|52|43|35|27|21|15|1204|179|False|North
Nov 5, 2005|Saturday|8|8|3|6|7|27|22|38|57|64|62|50|53|62|57|50|63|85|71|41|23|25|13|13|908|179|False|North
Nov 6, 2005|Sunday|14|7|5|3|8|9|16|10|32|47|63|47|65|77|59|61|56|71|52|67|41|27|11|12|860|179|False|North
Nov 7, 2005|Monday|5|4|4|9|12|24|86|120|77|67|72|58|56|64|62|71|63|52|38|32|20|19|15|10|1040|179|False|North
Nov 8, 2005|Tuesday|4|7|2|4|9|18|82|93|100|48|72|58|70|62|67|75|58|71|45|22|21|19|12|7|1026|179|False|North
Nov 9, 2005|Wednesday|3|4|3|6|10|27|73|108|90|54|69|60|60|71|63|67|63|74|54|23|35|24|19|6|1066|179|False|North
Nov 10, 2005|Thursday|6|4|1|8|10|24|67|115|78|73|61|55|62|74|58|67|78|77|59|32|27|22|15|11|1084|179|False|North
Nov 11, 2005|Friday|4|2|4|5|8|25|69|89|62|61|66|54|93|65|59|65|79|79|54|40|34|23|22|12|1074|179|False|North
Nov 12, 2005|Saturday|6|5|4|6|8|16|19|33|40|48|60|65|45|71|59|49|32|47|40|48|25|25|23|11|785|179|False|North
Nov 13, 2005|Sunday|5|6|5|6|2|5|14|7|29|33|48|74|75|52|42|74|89|79|69|54|45|27|20|13|873|179|False|North
Nov 14, 2005|Monday|5|4|6|8|14|26|67|104|86|66|77|82|59|48|59|70|74|64|41|30|17|19|8|4|1038|179|False|North
Nov 15, 2005|Tuesday|8|1|4|3|10|19|67|101|61|62|52|44|61|57|51|38|44|28|22|12|5|5|4|3|762|179|False|North
Nov 16, 2005|Wednesday|2|3|4|1|11|23|50|94|75|65|48|50|56|59|74|62|69|65|45|28|17|13|17|7|938|179|False|North
Nov 17, 2005|Thursday|2|4|2|5|5|26|66|105|75|73|81|64|60|64|73|70|88|85|47|22|31|23|6|7|1084|179|False|North
Nov 18, 2005|Friday|4|5|2|4|9|20|53|95|81|72|52|58|70|63|51|65|76|82|58|28|36|31|9|19|1043|179|False|North
Nov 19, 2005|Saturday|9|3|4|2|3|9|21|38|41|44|60|55|63|58|52|42|48|48|52|23|43|32|29|14|793|179|False|North
Nov 20, 2005|Sunday|9|6|3|2|3|2|7|12|39|39|52|85|68|53|83|72|81|78|50|40|23|31|16|8|862|179|False|North
Nov 21, 2005|Monday|3|2|5|5|9|17|65|117|93|62|83|70|51|63|53|76|72|58|42|25|16|24|13|9|1033|179|False|North
Nov 22, 2005|Tuesday|3|2|2|3|11|24|78|100|91|72|73|64|69|78|59|75|77|56|58|34|25|29|13|7|1103|179|False|North
Nov 23, 2005|Wednesday|7|1|4|8|14|21|59|106|78|71|79|62|62|63|66|66|101|84|68|57|34|26|20|9|1166|179|False|North
Nov 24, 2005|Thursday|8|4|4|4|3|10|10|20|46|70|83|90|38|26|38|57|66|78|79|66|56|28|17|10|911|179|False|North
Nov 25, 2005|Friday|6|4|5|10|37|17|38|51|66|60|74|67|75|66|75|79|62|67|37|31|29|33|15|7|1011|179|False|North
Nov 26, 2005|Saturday|10|10|2|3|5|10|22|27|52|63|69|73|70|65|60|58|62|54|60|44|28|37|22|20|926|179|False|North
Nov 27, 2005|Sunday|18|9|3|1|3|3|16|20|33|40|70|89|79|95|100|84|100|81|49|45|19|21|11|8|997|179|False|North
Nov 28, 2005|Monday|3|4|2|3|7|19|56|88|44|49|39|35|35|22|19|18|12|6|4|0|6|2|2|2|477|179|False|North
Nov 29, 2005|Tuesday|1|2|0|0|1|6|13|36|40|37|33|27|38|33|30|29|23|28|22|21|18|14|11|2|465|179|False|North
Nov 30, 2005|Wednesday|7|2|4|7|14|24|63|119|77|63|65|49|48|64|54|54|51|38|40|15|21|12|7|4|902|179|False|North
Nov 1, 2005|Tuesday|8|2|2|2|7|7|23|69|63|50|44|65|54|83|66|110|116|109|65|46|34|36|18|12|1091|179|False|South
Nov 2, 2005|Wednesday|5|1|2|4|4|18|22|78|97|51|68|52|62|67|92|81|87|113|81|37|29|24|12|8|1095|179|False|South
Nov 3, 2005|Thursday|6|3|5|5|6|12|24|73|69|64|59|51|64|75|69|101|88|123|66|48|37|22|36|20|1126|179|False|South
Nov 4, 2005|Friday|6|13|7|6|8|12|31|68|63|65|66|69|77|86|80|93|130|125|104|60|45|49|32|23|1318|179|False|South
Nov 5, 2005|Saturday|9|10|7|4|12|19|18|17|32|52|55|69|60|69|48|66|67|71|60|44|41|54|36|13|933|179|False|South
Nov 6, 2005|Sunday|11|9|3|8|1|12|11|11|15|36|39|54|60|61|61|70|90|73|65|45|27|28|18|9|817|179|False|South
Nov 7, 2005|Monday|4|5|3|1|7|13|23|63|59|56|67|57|68|65|59|75|102|113|75|28|31|32|20|6|1032|179|False|South
Nov 8, 2005|Tuesday|3|2|3|5|5|11|34|68|56|57|56|51|61|75|66|86|97|111|58|36|32|22|18|15|1028|179|False|South
Nov 9, 2005|Wednesday|4|1|3|4|7|12|26|69|65|54|49|56|63|68|66|93|110|112|79|40|28|30|22|8|1069|179|False|South
Nov 10, 2005|Thursday|5|2|4|4|8|7|34|69|58|59|61|48|66|70|77|102|121|119|87|51|33|52|42|12|1191|179|False|South
Nov 11, 2005|Friday|6|8|5|6|10|10|37|53|62|56|73|60|77|73|86|89|117|118|75|40|47|35|21|17|1181|179|False|South
Nov 12, 2005|Saturday|6|2|4|5|7|13|18|21|30|38|41|46|39|59|65|62|56|68|43|37|21|29|24|20|754|179|False|South
Nov 13, 2005|Sunday|10|11|1|6|2|10|5|15|21|29|43|52|61|50|69|69|68|65|62|57|20|24|8|11|769|179|False|South
Nov 14, 2005|Monday|2|1|1|5|6|10|30|60|69|68|49|60|70|63|71|70|95|98|52|42|32|31|22|12|1019|179|False|South
Nov 15, 2005|Tuesday|9|2|2|5|6|12|28|51|53|43|57|56|52|75|60|64|68|75|27|14|8|12|8|4|791|179|False|South
Nov 16, 2005|Wednesday|7|0|0|3|7|3|24|52|54|47|40|48|50|51|72|86|84|107|67|39|36|33|14|12|936|179|False|South
Nov 17, 2005|Thursday|5|3|4|5|7|7|26|69|69|47|55|54|61|77|72|92|94|108|63|36|36|27|21|16|1054|179|False|South
Nov 18, 2005|Friday|21|5|2|4|8|8|24|60|45|60|54|45|75|75|76|125|102|133|66|54|47|34|20|25|1168|179|False|South
Nov 19, 2005|Saturday|20|7|8|3|5|8|11|26|41|44|49|54|52|55|73|65|60|67|55|48|31|30|21|15|848|179|False|South
Nov 20, 2005|Sunday|10|6|4|2|1|3|8|19|29|30|50|58|47|61|66|69|77|63|54|46|50|48|17|7|825|179|False|South
Nov 21, 2005|Monday|2|1|0|4|8|15|27|47|53|57|61|52|57|76|83|89|112|124|63|43|26|25|18|8|1051|179|False|South
Nov 22, 2005|Tuesday|5|2|5|6|6|11|24|62|58|75|71|57|91|76|86|107|114|142|74|45|42|27|24|16|1226|179|False|South
Nov 23, 2005|Wednesday|9|4|0|5|8|6|35|60|55|74|73|74|71|109|99|109|122|120|112|64|52|31|19|20|1331|179|False|South
Nov 24, 2005|Thursday|8|8|6|0|6|7|10|19|25|76|131|142|54|32|34|54|72|62|44|34|38|42|17|12|933|179|False|South
Nov 25, 2005|Friday|7|5|3|3|8|13|28|35|58|61|66|91|70|82|92|87|89|66|81|47|30|36|20|18|1096|179|False|South
Nov 26, 2005|Saturday|7|2|5|1|4|16|9|19|37|51|66|73|89|73|60|68|64|65|43|31|34|44|21|23|905|179|False|South
Nov 27, 2005|Sunday|11|8|3|4|5|3|14|9|22|37|72|62|78|67|67|71|64|52|31|23|13|3|4|7|730|179|False|South
Nov 28, 2005|Monday|5|3|2|4|5|3|20|36|35|36|42|60|65|42|30|19|10|6|4|2|1|0|2|1|433|179|False|South
Nov 29, 2005|Tuesday|0|0|0|0|2|2|4|11|16|23|25|25|39|41|37|37|51|53|33|19|20|14|10|8|470|179|False|South
Nov 30, 2005|Wednesday|6|3|1|6|6|6|21|56|45|68|62|48|68|68|66|71|98|97|61|36|19|23|9|5|949|179|False|South
Dec 1, 2005|Thursday|2|2|2|2|14|18|63|104|94|50|50|64|55|57|56|68|76|58|54|27|20|25|19|8|988|179|False|North
Dec 2, 2005|Friday|12|1|7|5|10|17|59|104|71|76|76|58|62|63|56|62|70|60|41|27|16|16|17|11|997|179|False|North
Dec 3, 2005|Saturday|12|9|8|4|4|3|16|35|40|47|58|47|45|49|55|33|45|25|44|33|18|28|55|8|721|179|False|North
Dec 4, 2005|Sunday|9|12|8|0|3|7|11|12|29|43|36|43|49|69|49|56|63|65|47|53|34|26|36|31|791|179|False|North
Dec 5, 2005|Monday|16|6|2|37|34|35|90|155|90|70|45|85|48|76|58|87|67|56|54|18|11|17|12|3|1172|179|False|North
Dec 6, 2005|Tuesday|4|6|8|21|10|34|91|98|88|69|67|77|101|65|79|77|62|58|40|32|23|18|10|6|1144|179|False|North
Dec 7, 2005|Wednesday|2|8|4|1|11|18|55|97|93|86|70|72|65|53|55|77|67|66|41|24|23|21|10|9|1028|179|False|North
Dec 8, 2005|Thursday|3|4|2|4|6|24|55|101|93|83|75|65|69|70|56|70|67|87|51|28|18|26|41|7|1105|179|False|North
Dec 9, 2005|Friday|2|5|4|4|7|13|54|111|92|64|71|64|72|55|75|78|73|63|60|34|39|25|21|19|1105|179|False|North
Dec 10, 2005|Saturday|12|7|2|7|5|6|20|48|62|62|53|51|58|57|61|58|65|74|44|43|22|30|31|9|887|179|False|North
Dec 11, 2005|Sunday|9|6|1|1|4|2|7|19|38|41|52|61|45|45|52|57|66|54|44|30|31|10|14|10|699|179|False|North
Dec 12, 2005|Monday|1|4|3|4|14|21|61|115|78|66|73|65|65|59|63|56|51|65|48|23|35|14|13|10|1007|179|False|North
Dec 13, 2005|Tuesday|1|3|3|3|12|21|64|108|90|81|75|72|65|84|70|55|75|66|35|26|35|11|21|8|1084|179|False|North
Dec 14, 2005|Wednesday|3|4|4|1|13|14|57|97|59|59|44|47|66|51|57|68|76|58|51|21|27|26|12|6|921|179|False|North
Dec 15, 2005|Thursday|3|4|2|4|7|23|64|110|72|67|64|60|54|84|65|65|62|57|26|29|30|20|5|9|986|179|False|North
Dec 16, 2005|Friday|5|2|3|4|10|22|62|85|62|55|59|54|55|52|58|49|67|82|64|31|31|19|16|16|963|179|True|North
Dec 17, 2005|Saturday|5|7|6|5|5|8|21|29|51|78|73|66|55|52|55|46|42|47|51|28|23|26|20|14|813|179|False|North
Dec 18, 2005|Sunday|4|8|0|1|2|3|11|8|32|41|49|52|63|39|47|44|65|59|59|43|32|16|18|12|708|179|False|North
Dec 19, 2005|Monday|9|5|8|5|12|19|66|97|77|65|87|70|62|71|60|69|64|71|48|26|19|19|20|7|1056|179|False|North
Dec 20, 2005|Tuesday|3|5|2|2|10|27|64|83|80|80|82|74|58|56|70|92|64|75|43|29|19|15|21|9|1063|179|False|North
Dec 21, 2005|Wednesday|4|3|2|3|12|21|58|95|62|61|54|75|79|63|61|59|75|62|44|36|14|30|17|18|1008|179|False|North
Dec 22, 2005|Thursday|1|3|1|3|13|26|57|96|69|71|77|79|88|62|78|78|65|76|65|39|29|51|37|13|1177|179|False|North
Dec 23, 2005|Friday|10|4|3|4|9|17|45|72|75|57|78|80|57|76|90|65|82|72|49|36|27|31|15|14|1068|179|False|North
Dec 24, 2005|Saturday|7|9|7|3|3|5|12|22|27|47|60|63|49|54|56|52|65|41|36|27|27|30|22|29|753|179|False|North
Dec 25, 2005|Sunday|11|8|0|3|3|2|2|12|40|51|67|95|56|43|46|56|77|80|62|43|37|52|20|19|885|179|False|North
Dec 26, 2005|Monday|8|12|3|3|3|18|16|26|37|53|77|86|73|74|92|68|70|61|59|44|39|27|20|10|979|179|False|North
Dec 27, 2005|Tuesday|5|4|2|3|9|15|63|101|73|68|60|83|93|85|72|83|59|50|43|39|25|24|20|6|1085|179|False|North
Dec 28, 2005|Wednesday|5|1|9|5|11|16|53|88|65|82|63|76|66|63|68|70|57|55|48|38|31|23|14|7|1014|179|False|North
Dec 29, 2005|Thursday|4|4|4|3|7|12|55|80|77|68|67|66|78|93|71|58|63|77|26|40|25|18|15|10|1021|179|False|North
Dec 30, 2005|Friday|5|4|4|0|6|13|42|66|53|62|54|67|58|70|68|55|66|67|39|29|20|37|19|12|916|179|False|North
Dec 31, 2005|Saturday|12|5|4|1|4|1|20|29|39|57|55|68|59|87|59|45|54|52|41|41|15|23|16|11|798|179|False|North
Dec 1, 2005|Thursday|5|3|3|7|5|6|21|61|37|51|43|52|63|60|71|68|88|105|69|48|42|34|29|16|987|179|False|South
Dec 2, 2005|Friday|12|5|7|5|7|4|26|49|60|68|57|58|70|75|84|111|88|103|84|43|29|23|22|23|1113|179|False|South
Dec 3, 2005|Saturday|11|2|6|0|2|4|12|26|28|38|56|40|61|48|52|68|68|78|51|20|19|25|23|18|756|179|False|South
Dec 4, 2005|Sunday|5|3|4|2|0|1|3|13|19|20|46|35|38|52|56|59|69|55|59|42|24|17|12|17|651|179|False|South
Dec 5, 2005|Monday|6|3|3|5|7|8|24|53|54|55|61|46|65|58|73|82|114|115|65|44|35|27|20|15|1038|179|False|South
Dec 6, 2005|Tuesday|1|3|3|2|8|6|18|57|57|74|93|57|72|61|77|86|98|98|57|33|30|42|37|14|1084|179|False|South
Dec 7, 2005|Wednesday|3|0|3|2|6|8|27|56|56|64|53|58|57|58|60|68|88|95|64|51|38|31|17|11|974|179|False|South
Dec 8, 2005|Thursday|6|3|3|4|10|7|19|53|51|45|54|54|65|66|91|92|118|125|69|40|32|39|29|12|1087|179|False|South
Dec 9, 2005|Friday|7|8|1|7|8|4|17|58|61|44|72|61|68|69|103|97|113|126|71|58|44|48|27|21|1193|179|False|South
Dec 10, 2005|Saturday|11|7|1|3|5|6|8|36|45|58|48|56|56|50|70|62|68|78|36|36|38|40|38|12|868|179|False|South
Dec 11, 2005|Sunday|11|12|8|3|0|3|3|13|17|38|39|44|58|47|62|57|59|63|49|35|20|26|5|4|676|179|False|South
Dec 12, 2005|Monday|8|3|2|3|5|7|26|51|48|51|54|60|51|59|81|82|95|95|71|43|28|29|25|11|988|179|False|South
Dec 13, 2005|Tuesday|5|3|2|5|4|9|19|64|52|66|60|59|64|76|86|119|119|121|70|44|28|28|15|6|1124|179|False|South
Dec 14, 2005|Wednesday|2|1|1|0|7|1|20|45|45|52|41|48|47|56|64|75|102|116|53|39|30|25|11|11|892|179|False|South
Dec 15, 2005|Thursday|8|3|2|4|5|7|23|48|59|52|59|57|64|61|98|84|85|111|68|39|34|22|18|8|1019|179|False|South
Dec 16, 2005|Friday|7|5|1|4|5|8|20|49|46|42|42|62|68|73|87|106|107|119|71|47|46|47|37|23|1122|179|True|South
Dec 17, 2005|Saturday|15|7|2|1|4|4|10|15|25|51|45|72|63|68|77|66|79|62|38|42|25|37|25|24|857|179|False|South
Dec 18, 2005|Sunday|20|9|4|4|1|0|1|10|27|35|33|59|54|43|58|58|74|63|58|31|17|15|10|9|693|179|False|South
Dec 19, 2005|Monday|5|3|3|7|5|13|27|50|50|51|57|55|65|60|59|102|131|103|78|44|30|28|15|16|1057|179|False|South
Dec 20, 2005|Tuesday|5|2|1|3|6|8|20|59|67|64|60|61|65|87|90|100|112|112|55|38|27|35|27|7|1111|179|False|South
Dec 21, 2005|Wednesday|7|2|5|3|5|7|16|62|51|46|47|55|58|66|76|71|94|107|82|35|39|34|8|11|987|179|False|South
Dec 22, 2005|Thursday|4|3|3|4|3|9|15|59|58|57|54|71|69|76|91|113|142|138|70|41|53|41|25|19|1218|179|False|South
Dec 23, 2005|Friday|11|10|3|4|7|6|16|35|46|58|63|65|76|95|109|109|89|94|70|45|42|39|26|17|1135|179|False|South
Dec 24, 2005|Saturday|15|5|5|6|1|6|7|20|32|41|68|78|91|75|62|67|72|46|29|39|38|28|35|10|876|179|False|South
Dec 25, 2005|Sunday|11|3|2|2|0|1|8|11|22|70|100|94|66|39|44|57|66|43|41|35|30|25|22|20|812|179|False|South
Dec 26, 2005|Monday|10|1|2|1|6|7|10|18|23|60|59|82|78|79|98|86|95|55|60|42|21|25|16|7|941|179|False|South
Dec 27, 2005|Tuesday|5|5|2|4|4|5|20|48|54|63|65|66|55|77|83|89|121|121|62|38|29|25|27|15|1083|179|False|South
Dec 28, 2005|Wednesday|2|2|1|4|7|9|14|41|60|56|60|57|56|68|100|76|102|115|67|34|21|26|15|15|1008|179|False|South
Dec 29, 2005|Thursday|7|4|4|3|8|8|19|36|51|57|62|55|68|79|96|83|92|128|50|34|22|18|16|5|1005|179|False|South
Dec 30, 2005|Friday|3|1|2|1|6|4|13|33|33|44|44|60|56|73|56|89|94|116|65|46|24|25|33|12|933|179|False|South
Dec 31, 2005|Saturday|9|7|5|2|1|1|7|18|21|28|43|54|62|79|75|59|62|57|44|37|20|34|30|19|774|179|False|South
